9 0.642227 0.292975 0.126302 0.023967
5 0.452047 0.017759 0.035770 0.035518
5 0.420208 0.017732 0.029045 0.035464
5 0.534264 0.017475 0.038710 0.034950
5 0.485597 0.017521 0.031790 0.035041
5 0.806551 0.855492 0.046711 0.048009
5 0.579968 0.018563 0.035996 0.037125
5 0.850344 0.959731 0.048724 0.040596
5 0.850280 0.982252 0.048406 0.034598
5 0.384515 0.017837 0.026466 0.035674
5 0.805573 0.925627 0.046262 0.034991
5 0.805650 0.900009 0.046074 0.032426
5 0.127245 0.882345 0.042822 0.078115
5 0.850542 0.936770 0.048555 0.032741
5 0.212888 0.971860 0.038340 0.056215
5 0.760223 0.861445 0.045570 0.042063
5 0.251408 0.765847 0.037527 0.075473
5 0.677617 0.879874 0.041860 0.085584
5 0.758752 0.946000 0.045650 0.063517
5 0.595627 0.903179 0.040032 0.077106
5 0.227329 0.111147 0.043656 0.079520
5 0.169171 0.867734 0.040701 0.043959
5 0.803600 0.983629 0.047227 0.032318
5 0.626778 0.773572 0.042101 0.061320
5 0.479907 0.101811 0.039087 0.078002
5 0.270763 0.105833 0.042795 0.070025
5 0.248390 0.929665 0.041460 0.131093
5 0.666477 0.017303 0.036939 0.034606
5 0.622073 0.017824 0.045160 0.035647
5 0.504196 0.017353 0.017062 0.034706
5 0.249415 0.681483 0.035951 0.036080
5 0.523130 0.118894 0.040283 0.043146
5 0.287542 0.764764 0.036435 0.082324
5 0.357487 0.019728 0.020622 0.034910
5 0.758373 0.964118 0.045497 0.058298
5 0.134189 0.020058 0.038781 0.040115
5 0.759115 0.932580 0.045252 0.038162
5 0.211547 0.019873 0.025517 0.039746
5 0.169412 0.879390 0.041135 0.069979
5 0.012933 0.020574 0.025588 0.041147
5 0.053496 0.954982 0.033675 0.087146
5 0.676661 0.956590 0.037976 0.083431
5 0.567110 0.101849 0.041345 0.076498
5 0.080075 0.613545 0.038795 0.034770
5 0.554964 0.973479 0.037488 0.053042
5 0.088379 0.897939 0.040705 0.094595
5 0.130488 0.961292 0.043225 0.069025
5 0.178736 0.019840 0.039470 0.039680
5 0.852102 0.706531 0.037639 0.035382
5 0.595684 0.932152 0.040209 0.135461
5 0.848028 0.779907 0.038220 0.034595
5 0.017783 0.866304 0.027848 0.058879
5 0.092133 0.021074 0.037277 0.042148
5 0.584626 0.782458 0.034945 0.040919
5 0.287355 0.931232 0.042640 0.137505
5 0.804683 0.934263 0.046870 0.050603
5 0.804422 0.963522 0.046940 0.041526
5 0.508336 0.763590 0.036917 0.076607
5 0.558218 0.016982 0.013252 0.033964
5 0.355394 0.097467 0.043829 0.061720
5 0.585262 0.766644 0.038272 0.070206
5 0.197075 0.580103 0.037606 0.030190
5 0.262261 0.020777 0.044456 0.041554
5 0.036898 0.542988 0.038200 0.025418
5 0.088691 0.923944 0.041108 0.143178
5 0.171202 0.974010 0.036914 0.050149
5 0.706751 0.017735 0.039659 0.035470
5 0.249613 0.694763 0.037881 0.063324
5 0.782621 0.016264 0.028081 0.032528
5 0.481656 0.159557 0.038350 0.039388
5 0.171998 0.767592 0.040291 0.069115
5 0.752741 0.017304 0.033510 0.034608
5 0.920498 0.018398 0.032485 0.036796
5 0.852127 0.892264 0.048723 0.040522
5 0.209057 0.894423 0.041682 0.101696
5 0.118196 0.579761 0.038098 0.030329
5 0.376041 0.018039 0.031649 0.036078
5 0.717755 0.864287 0.040602 0.055672
5 0.323024 0.767861 0.030297 0.072449
5 0.896720 0.952424 0.044194 0.041524
5 0.433812 0.907723 0.041044 0.138050
5 0.717564 0.878516 0.040763 0.082919
5 0.901086 0.875252 0.049090 0.062334
5 0.677115 0.935425 0.037985 0.043307
5 0.849789 0.743076 0.040613 0.032990
5 0.159055 0.580124 0.037240 0.031138
5 0.890702 0.701366 0.039509 0.028240
5 0.248765 0.676622 0.033369 0.025160
5 0.810538 0.782618 0.033678 0.036693
5 0.091911 0.964419 0.043075 0.069772
5 0.853142 0.861231 0.049336 0.065475
5 0.555506 0.955786 0.037397 0.088428
5 0.758081 0.782432 0.045387 0.037458
5 0.248465 0.903332 0.039628 0.077287
5 0.469416 0.716814 0.036443 0.092996
5 0.216023 0.020355 0.035979 0.040710
5 0.234421 0.544389 0.038461 0.028437
5 0.545701 0.764198 0.037272 0.071233
5 0.805558 0.893699 0.045978 0.034168
5 0.465993 0.782269 0.033259 0.040459
5 0.038721 0.579166 0.040113 0.030649
5 0.392833 0.920142 0.041813 0.159715
5 0.440261 0.157052 0.041053 0.048139
5 0.545140 0.785929 0.034569 0.034890
5 0.051111 0.874707 0.035705 0.077627
5 0.468832 0.762767 0.037189 0.079042
5 0.514793 0.970923 0.035714 0.058154
5 0.932148 0.983388 0.035885 0.032995
5 0.469361 0.696060 0.036474 0.064315
5 0.441170 0.099569 0.038444 0.076869
5 0.555103 0.915242 0.035503 0.062827
5 0.397309 0.098137 0.039979 0.072372
5 0.808567 0.678123 0.046189 0.035761
5 0.852130 0.926250 0.047236 0.030016
5 0.759965 0.898263 0.045315 0.038345
5 0.050630 0.859868 0.035571 0.047775
5 0.635292 0.877026 0.042380 0.079329
5 0.131588 0.976676 0.041158 0.042882
5 0.156911 0.543437 0.036453 0.029969
5 0.493006 0.017532 0.039563 0.035063
5 0.761033 0.596825 0.043502 0.055464
5 0.079267 0.580691 0.038088 0.027023
5 0.554213 0.017034 0.015574 0.034068
5 0.468963 0.738629 0.034896 0.044118
5 0.900211 0.911491 0.046420 0.037681
5 0.595321 0.972096 0.035916 0.053148
5 0.335786 0.018847 0.023860 0.037517
5 0.026931 0.772095 0.026802 0.051061
5 0.285837 0.678042 0.034095 0.027938
5 0.547045 0.680258 0.035649 0.037225
5 0.758793 0.974772 0.046461 0.043659
5 0.760629 0.679435 0.048177 0.035339
5 0.112844 0.506054 0.034080 0.033031
5 0.760956 0.878541 0.045787 0.073461
5 0.170528 0.919409 0.042763 0.150031
9 0.693846 0.094215 0.036243 0.051240
5 0.276065 0.510888 0.038917 0.039201
5 0.523704 0.157324 0.041501 0.039927
5 0.172269 0.980395 0.038914 0.039210
5 0.507443 0.679323 0.034470 0.037384
5 0.841188 0.528286 0.038738 0.032016
5 0.969708 0.983547 0.042169 0.030428
5 0.852608 0.878254 0.049672 0.075771
5 0.211811 0.960238 0.039787 0.079524
5 0.853064 0.675029 0.039530 0.030547
5 0.195281 0.543491 0.035210 0.028698
5 0.584384 0.679975 0.039717 0.040086
5 0.803253 0.493602 0.037540 0.028490
5 0.970410 0.952740 0.041778 0.040873
5 0.236979 0.579140 0.040070 0.036938
5 0.739231 0.017402 0.025528 0.034804
5 0.231757 0.019369 0.021797 0.038738
5 0.889437 0.713783 0.035079 0.015985
5 0.802015 0.528747 0.036312 0.037089
5 0.516563 0.961032 0.038561 0.077936
5 0.234110 0.511097 0.039126 0.034200
5 0.249781 0.733102 0.038860 0.136990
5 0.900875 0.883336 0.047653 0.042865
5 0.170155 0.897881 0.043349 0.105226
5 0.089149 0.680456 0.034660 0.032595
5 0.129134 0.734111 0.044128 0.142994
5 0.803150 0.988768 0.047617 0.022464
5 0.804666 0.016974 0.020477 0.033921
5 0.934258 0.955492 0.035308 0.026499
5 0.761812 0.492112 0.041772 0.033168
5 0.716430 0.937987 0.038477 0.041916
5 0.396932 0.084660 0.039552 0.043637
5 0.914545 0.017626 0.040374 0.035252
5 0.156645 0.505397 0.037064 0.033760
5 0.556177 0.864663 0.036981 0.106634
5 0.895851 0.984848 0.043713 0.029294
5 0.760072 0.714999 0.048404 0.030889
5 0.286236 0.689354 0.035196 0.041706
5 0.892110 0.675519 0.038711 0.024272
5 0.546602 0.716120 0.036945 0.036313
5 0.674416 0.772378 0.039601 0.055981
5 0.237745 0.611360 0.040575 0.046242
5 0.509407 0.729481 0.036524 0.145401
5 0.509230 0.782254 0.034959 0.040999
9 0.523888 0.078512 0.036792 0.031405
5 0.056570 0.169421 0.040087 0.188430
5 0.102148 0.218595 0.042284 0.075207
5 0.139490 0.102479 0.040087 0.051240
5 0.143334 0.166529 0.046677 0.027273
5 0.143609 0.220248 0.047226 0.025620
5 0.187540 0.166529 0.045029 0.027273
5 0.185343 0.194215 0.047226 0.028099
5 0.188913 0.220248 0.048873 0.027273
5 0.144158 0.247934 0.052717 0.024793
5 0.189462 0.247107 0.046677 0.026446
5 0.229549 0.168595 0.043382 0.029752
5 0.231471 0.196281 0.038440 0.025620
5 0.233393 0.222314 0.041185 0.026446
5 0.232020 0.246281 0.048324 0.024793
5 0.272931 0.166529 0.043382 0.028926
5 0.273755 0.197934 0.046128 0.027273
5 0.275677 0.222727 0.038989 0.019008
5 0.274029 0.246281 0.041185 0.023140
5 0.314665 0.141736 0.038989 0.028926
5 0.316862 0.167355 0.036792 0.027273
5 0.317411 0.196281 0.038989 0.023967
5 0.317686 0.223140 0.037341 0.028099
5 0.354478 0.165289 0.042833 0.028099
5 0.440418 0.240909 0.044480 0.045455
5 0.358871 0.245041 0.043931 0.028926
5 0.780610 0.084298 0.049423 0.044628
5 0.778139 0.120248 0.049972 0.045455
5 0.777041 0.161570 0.049972 0.042149
5 0.566446 0.161983 0.043931 0.044628
5 0.524711 0.200413 0.045029 0.040496
5 0.316038 0.616529 0.038440 0.021488
5 0.316587 0.567355 0.039538 0.022314
5 0.355027 0.543802 0.042833 0.024793
5 0.395664 0.552479 0.042833 0.149587
5 0.439320 0.556612 0.038989 0.139669
5 0.478034 0.557851 0.039538 0.145455
5 0.518671 0.556198 0.041735 0.145455
5 0.557934 0.557851 0.034596 0.143802
5 0.598021 0.557851 0.040087 0.145455
5 0.637559 0.555372 0.036792 0.140496
5 0.677647 0.554132 0.038989 0.144628
5 0.390447 0.674380 0.026908 0.018182
5 0.391270 0.700000 0.037341 0.016529
5 0.630970 0.702066 0.045579 0.028926