9 0.601778 0.244629 0.126120 0.072347
5 0.370748 0.052870 0.040659 0.048241
5 0.339989 0.065245 0.034154 0.045569
5 0.450114 0.022494 0.043402 0.044989
5 0.403114 0.039571 0.036733 0.046230
5 0.857241 0.723972 0.053376 0.064568
5 0.494448 0.014380 0.041154 0.028759
5 0.917468 0.807601 0.054045 0.058192
5 0.921280 0.829379 0.052707 0.052274
5 0.305530 0.079250 0.031699 0.044767
5 0.868358 0.792098 0.050703 0.051819
5 0.864027 0.767323 0.050081 0.049268
5 0.205700 0.984223 0.054797 0.031555
5 0.913711 0.785345 0.052531 0.050538
5 0.813515 0.747767 0.051251 0.058380
5 0.305597 0.853620 0.049228 0.087519
5 0.736894 0.797745 0.055152 0.098973
5 0.826636 0.830014 0.055018 0.079134
5 0.661705 0.852193 0.051928 0.090072
5 0.169747 0.230607 0.055844 0.093815
5 0.243685 0.977455 0.046874 0.045090
5 0.876427 0.848892 0.051176 0.049613
5 0.669506 0.714868 0.051212 0.075630
5 0.412113 0.123206 0.051170 0.090569
5 0.210787 0.208556 0.053379 0.084308
5 0.330855 0.970822 0.062592 0.058357
5 0.534991 0.006358 0.049752 0.012716
5 0.421050 0.032164 0.022449 0.040169
5 0.289164 0.772907 0.040931 0.048854
5 0.456801 0.122870 0.046330 0.057367
5 0.340314 0.838499 0.049351 0.093711
5 0.279748 0.091604 0.025923 0.041753
5 0.829386 0.847662 0.053972 0.074033
5 0.064116 0.178902 0.044358 0.053854
5 0.824679 0.816910 0.050273 0.054488
5 0.138806 0.148591 0.031483 0.048331
5 0.245922 0.976712 0.051768 0.046576
5 0.749163 0.872219 0.051030 0.095381
5 0.496351 0.089275 0.053092 0.089996
5 0.113910 0.773245 0.043453 0.048697
5 0.634517 0.935936 0.045332 0.065837
5 0.107108 0.161339 0.044949 0.053702
5 0.875622 0.562343 0.042441 0.048837
5 0.666743 0.880156 0.062135 0.146507
5 0.884306 0.634806 0.042867 0.048304
5 0.023668 0.196265 0.043255 0.055232
5 0.630318 0.739870 0.040791 0.053136
5 0.368762 0.962326 0.064834 0.075347
5 0.868983 0.800786 0.053975 0.067136
5 0.873763 0.829150 0.052482 0.058395
5 0.553383 0.751361 0.048834 0.088377
5 0.473167 0.014874 0.018641 0.029748
5 0.291096 0.167510 0.052950 0.076689
5 0.628213 0.724347 0.049042 0.082721
5 0.221173 0.695368 0.041517 0.043810
5 0.187948 0.129710 0.050087 0.057455
5 0.060071 0.721910 0.041270 0.039432
5 0.291639 0.785657 0.047480 0.075922
5 0.423734 0.178303 0.043817 0.052984
5 0.229193 0.886237 0.050804 0.082454
5 0.907588 0.741738 0.054032 0.058120
5 0.286801 0.968539 0.057751 0.062922
5 0.144923 0.725763 0.042016 0.044135
5 0.297380 0.082746 0.036775 0.047177
5 0.772983 0.767055 0.048793 0.069590
5 0.375120 0.827669 0.041724 0.081782
5 0.961007 0.782478 0.049829 0.057323
5 0.506185 0.919612 0.063387 0.149333
5 0.775246 0.780873 0.053634 0.095972
5 0.951953 0.706235 0.058137 0.079331
5 0.745962 0.851599 0.044138 0.056627
5 0.879673 0.598544 0.044903 0.047685
5 0.184452 0.710198 0.041326 0.044583
5 0.912019 0.542319 0.043019 0.042667
5 0.287700 0.768464 0.036559 0.037301
5 0.848560 0.652028 0.038841 0.048561
5 0.903232 0.711367 0.058915 0.082461
5 0.631998 0.918635 0.051330 0.099982
5 0.797858 0.672281 0.050282 0.053861
5 0.326399 0.971261 0.051569 0.057478
5 0.507745 0.721339 0.051194 0.104022
5 0.143213 0.147313 0.041754 0.053337
5 0.251104 0.646324 0.042041 0.042449
5 0.589579 0.737394 0.048252 0.083324
5 0.862853 0.761264 0.050287 0.050913
5 0.515695 0.785897 0.039084 0.052035
5 0.068053 0.756145 0.044017 0.045229
5 0.468738 0.931145 0.067855 0.137710
5 0.383318 0.192007 0.047933 0.062490
5 0.592774 0.758603 0.039391 0.047166
5 0.515083 0.765954 0.049515 0.090835
5 0.595276 0.949115 0.044498 0.070084
5 0.990193 0.798587 0.019615 0.045849
5 0.504122 0.701314 0.046292 0.076331
5 0.374311 0.136129 0.050354 0.089224
5 0.624636 0.879629 0.045098 0.074515
5 0.331698 0.151830 0.051063 0.085479
5 0.828685 0.551861 0.050765 0.052534
5 0.913436 0.774565 0.050788 0.047393
5 0.819598 0.783431 0.050365 0.054689
5 0.695521 0.811480 0.054579 0.093134
5 0.176072 0.675596 0.040365 0.043147
5 0.410272 0.036696 0.044245 0.049279
5 0.768790 0.491849 0.051558 0.070519
5 0.107480 0.741825 0.041437 0.040938
5 0.469308 0.015930 0.020902 0.031860
5 0.511059 0.742587 0.041294 0.056207
5 0.957340 0.741580 0.051318 0.054478
5 0.673262 0.918880 0.043832 0.065327
5 0.258635 0.099206 0.029499 0.045533
5 0.089844 0.947093 0.034670 0.059761
5 0.323753 0.755396 0.037738 0.040267
5 0.576442 0.655791 0.040836 0.049843
5 0.831624 0.857790 0.052386 0.060269
5 0.782607 0.571801 0.052613 0.052901
5 0.127077 0.656652 0.038599 0.045180
5 0.817164 0.763995 0.056860 0.088793
5 0.253882 0.976333 0.067107 0.047334
9 0.617456 0.032535 0.043820 0.063611
5 0.285568 0.597744 0.044333 0.053024
5 0.463965 0.159767 0.046953 0.054732
5 0.538028 0.670314 0.039725 0.049537
5 0.834427 0.394423 0.042924 0.046014
5 0.905643 0.728018 0.061010 0.092537
5 0.871134 0.531540 0.043436 0.044904
5 0.213143 0.660703 0.038946 0.041435
5 0.612460 0.640973 0.045257 0.054191
5 0.791820 0.375697 0.041160 0.042142
5 0.259551 0.678895 0.045057 0.051287
5 0.158241 0.140232 0.027716 0.045908
5 0.912932 0.554806 0.036633 0.029104
5 0.796668 0.410127 0.041453 0.049969
5 0.595284 0.938871 0.050650 0.090301
5 0.245078 0.614288 0.043674 0.048275
5 0.298395 0.822624 0.061095 0.147459
5 0.953140 0.714126 0.053401 0.059966
5 0.249820 0.976771 0.059968 0.046459
5 0.134182 0.834341 0.039084 0.044985
5 0.182032 0.870593 0.067216 0.155310
5 0.876876 0.854031 0.049858 0.040246
5 0.989231 0.770820 0.021537 0.039349
5 0.751534 0.390400 0.046053 0.048309
5 0.784378 0.838759 0.044374 0.055475
5 0.329016 0.138959 0.045709 0.057556
5 0.169273 0.638956 0.041607 0.047047
5 0.616976 0.830355 0.054059 0.117405
5 0.965744 0.814136 0.047261 0.045323
5 0.788185 0.606370 0.052067 0.048691
5 0.326084 0.766167 0.041169 0.053994
5 0.908934 0.516804 0.041566 0.038524
5 0.582181 0.690604 0.041931 0.049466
5 0.715315 0.695159 0.047879 0.069499
5 0.265832 0.709719 0.047145 0.060471
5 0.548551 0.717997 0.060285 0.154673
5 0.557456 0.769041 0.040819 0.053219
9 0.450589 0.083569 0.040939 0.044666
5 0.025196 0.353409 0.050391 0.197624
5 0.067310 0.383154 0.053777 0.089115
5 0.083411 0.256450 0.047533 0.065109
5 0.098139 0.316820 0.049777 0.044525
5 0.107643 0.368601 0.050023 0.043142
5 0.140838 0.299601 0.048185 0.043883
5 0.143477 0.327199 0.050449 0.045537
5 0.151403 0.350954 0.051898 0.045381
5 0.112934 0.395130 0.055184 0.044482
5 0.156552 0.376684 0.049635 0.043726
5 0.181771 0.285233 0.047020 0.045636
5 0.188389 0.311227 0.041536 0.039720
5 0.194722 0.335624 0.044330 0.041587
5 0.197518 0.359309 0.050941 0.042771
5 0.223320 0.266339 0.046878 0.044838
5 0.229516 0.296353 0.049246 0.044311
5 0.235637 0.319553 0.040929 0.033547
5 0.238096 0.342946 0.043761 0.038394
5 0.259368 0.226135 0.042635 0.043127
5 0.265896 0.250025 0.040229 0.040675
5 0.271401 0.277752 0.041782 0.038337
5 0.276285 0.303588 0.040901 0.041687
5 0.301875 0.233378 0.046206 0.043826
5 0.397891 0.272946 0.050781 0.061232
5 0.319833 0.308701 0.047409 0.045052
5 0.699558 0.010170 0.055414 0.020339
5 0.703354 0.028267 0.056086 0.056533
5 0.709400 0.065189 0.055518 0.060178
5 0.506052 0.147619 0.050109 0.060219
5 0.472348 0.200996 0.050459 0.056656
5 0.342346 0.684215 0.040826 0.035729
5 0.334420 0.636503 0.042028 0.036954
5 0.367500 0.598779 0.045637 0.040632
5 0.408244 0.591332 0.067099 0.161174
5 0.451123 0.578319 0.061680 0.150097
5 0.488731 0.564436 0.063205 0.155900
5 0.527699 0.547010 0.065327 0.156755
5 0.565909 0.533313 0.058147 0.152378
5 0.604630 0.517699 0.063736 0.156113
5 0.642394 0.499903 0.059700 0.150040
5 0.680903 0.483091 0.062533 0.154887
5 0.424169 0.711111 0.029118 0.028044
5 0.429370 0.735538 0.038911 0.030511
5 0.661258 0.644165 0.049000 0.045694