9 0.672984 0.355429 0.126120 0.072347
5 0.536614 0.019816 0.040659 0.039633
5 0.505865 0.012934 0.034154 0.025869
5 0.616079 0.047263 0.043402 0.048837
5 0.569062 0.028351 0.036733 0.046230
5 0.734970 0.962786 0.053376 0.064568
5 0.660038 0.066117 0.041154 0.049881
5 0.471370 0.005833 0.031699 0.011666
5 0.726444 0.990401 0.050081 0.019199
5 0.074193 0.724122 0.054797 0.092133
5 0.141523 0.843946 0.046701 0.069234
5 0.689197 0.950491 0.051251 0.058380
5 0.214160 0.659957 0.049228 0.087519
5 0.606236 0.936115 0.055152 0.098973
5 0.523032 0.926690 0.051928 0.090072
5 0.303493 0.032547 0.055844 0.065094
5 0.117203 0.726340 0.046874 0.058315
5 0.575411 0.813633 0.051212 0.075630
5 0.549070 0.107552 0.051170 0.090569
5 0.346361 0.036063 0.053379 0.072126
5 0.183072 0.817018 0.062592 0.142776
5 0.743816 0.098596 0.041632 0.047815
5 0.700835 0.081803 0.049752 0.052023
5 0.587056 0.035433 0.022449 0.040169
5 0.226743 0.577692 0.040931 0.048854
5 0.587882 0.140889 0.046330 0.057367
5 0.249249 0.672986 0.049351 0.093711
5 0.115431 0.737692 0.051768 0.083617
5 0.007111 0.765557 0.014222 0.097294
5 0.592120 0.981077 0.051030 0.037845
5 0.633295 0.141556 0.053092 0.089996
5 0.074857 0.446107 0.043453 0.048697
5 0.471665 0.972918 0.045332 0.054163
5 0.033969 0.724046 0.055586 0.107227
5 0.063748 0.801642 0.053623 0.083510
5 0.804586 0.836644 0.042441 0.048837
5 0.518104 0.940722 0.062135 0.118556
5 0.788032 0.905933 0.042867 0.048304
5 0.533167 0.805797 0.040791 0.053136
5 0.220440 0.833709 0.064834 0.149429
5 0.462721 0.757855 0.048834 0.088377
5 0.639301 0.056117 0.018641 0.037969
5 0.429547 0.054856 0.052950 0.076689
5 0.536501 0.790769 0.049042 0.082721
5 0.193621 0.459379 0.041517 0.043810
5 0.045285 0.361136 0.041270 0.039432
5 0.030982 0.749286 0.061964 0.154312
5 0.100888 0.829786 0.044281 0.062819
5 0.782643 0.114701 0.044408 0.049709
5 0.224650 0.590596 0.047480 0.075922
5 0.856181 0.142833 0.032718 0.042358
5 0.540829 0.164012 0.043817 0.052984
5 0.137155 0.630711 0.050804 0.082454
5 0.827140 0.132199 0.038320 0.046482
5 0.985070 0.198600 0.029860 0.048196
5 0.772669 0.993499 0.054032 0.013002
5 0.151140 0.767656 0.057751 0.114467
5 0.117489 0.428323 0.042016 0.044135
5 0.647687 0.936694 0.048793 0.069590
5 0.282989 0.689798 0.041724 0.081782
5 0.365949 0.868049 0.063387 0.149333
5 0.645056 0.950364 0.053634 0.095972
5 0.822885 0.989515 0.058137 0.020970
5 0.596198 0.980632 0.044138 0.038736
5 0.796067 0.871043 0.044903 0.047685
5 0.156893 0.444589 0.041326 0.044583
5 0.842759 0.846690 0.043019 0.042667
5 0.226951 0.572743 0.036559 0.037301
5 0.751354 0.893948 0.038841 0.048561
5 0.026376 0.789636 0.052751 0.084173
5 0.778986 0.972624 0.058915 0.054753
5 0.475231 0.955943 0.051330 0.088115
5 0.700716 0.873336 0.050282 0.053861
5 0.187673 0.791611 0.051569 0.090089
5 0.433172 0.697513 0.051194 0.104022
5 0.235837 0.439429 0.042041 0.042449
5 0.498708 0.772997 0.048252 0.083324
5 0.727440 0.986924 0.050287 0.026152
5 0.418609 0.759405 0.039084 0.052035
5 0.040824 0.396792 0.044017 0.045229
5 0.324231 0.864082 0.067855 0.170560
5 0.501275 0.145468 0.047933 0.062490
5 0.494429 0.793769 0.039391 0.047166
5 0.012943 0.687089 0.025886 0.088890
5 0.424705 0.741673 0.049515 0.090835
5 0.433302 0.960639 0.044498 0.070084
5 0.436688 0.677445 0.046292 0.076331
5 0.512039 0.090298 0.050354 0.089224
5 0.481814 0.922557 0.045098 0.074515
5 0.469918 0.071830 0.051063 0.085479
5 0.767420 0.792246 0.050765 0.052534
5 0.682616 0.979305 0.050365 0.041391
5 0.012671 0.672568 0.025341 0.060003
5 0.565843 0.916878 0.054579 0.093134
5 0.062165 0.816930 0.047130 0.057453
5 0.161131 0.408317 0.040365 0.043147
5 0.576217 0.031247 0.044245 0.049279
5 0.735487 0.695203 0.051558 0.070519
5 0.079726 0.414058 0.041437 0.040938
5 0.635424 0.054608 0.020902 0.038974
5 0.428982 0.718408 0.041294 0.056207
5 0.510885 0.980238 0.043832 0.039524
5 0.006796 0.578554 0.013592 0.059761
5 0.262516 0.588555 0.037738 0.040267
5 0.514442 0.692441 0.040836 0.049843
5 0.720890 0.774841 0.052613 0.052901
5 0.124995 0.355043 0.038599 0.045180
5 0.686965 0.961447 0.056860 0.077107
5 0.109627 0.776782 0.067107 0.161576
9 0.757026 0.183548 0.043820 0.063611
5 0.281823 0.423290 0.044333 0.053024
5 0.581828 0.178234 0.046953 0.054732
5 0.100820 0.836369 0.044331 0.053032
5 0.476350 0.676112 0.039725 0.049537
5 0.824698 0.660221 0.042924 0.046014
5 0.775543 0.978222 0.061010 0.043556
5 0.142482 0.832301 0.052107 0.092312
5 0.810933 0.806590 0.043436 0.044904
5 0.198185 0.423315 0.038946 0.041435
5 0.550558 0.706712 0.045257 0.054191
5 0.794020 0.611943 0.041160 0.042142
5 0.232331 0.473992 0.045057 0.051287
5 0.814074 0.127031 0.030644 0.043562
5 0.839402 0.858191 0.036633 0.029104
5 0.786780 0.645408 0.041453 0.049969
5 0.436713 0.951774 0.050650 0.090301
5 0.241262 0.407150 0.043674 0.048275
5 0.218219 0.627694 0.061095 0.147459
5 0.112969 0.755843 0.059968 0.118526
5 0.072115 0.514273 0.039084 0.044985
5 0.101510 0.581675 0.067216 0.155310
5 0.877353 0.152106 0.025613 0.040741
5 0.754248 0.594361 0.046053 0.048309
5 0.633733 0.989814 0.044374 0.020371
5 0.471872 0.058665 0.045709 0.057556
5 0.980423 0.195536 0.039155 0.049777
5 0.167416 0.371470 0.041607 0.047047
5 0.491550 0.874119 0.054059 0.117405
5 0.714236 0.808976 0.052067 0.048691
5 0.260956 0.599637 0.041169 0.053994
5 0.848564 0.822272 0.041566 0.038524
5 0.507847 0.726908 0.041931 0.049466
5 0.621631 0.831035 0.047879 0.069499
5 0.227530 0.505412 0.047145 0.060471
5 0.469622 0.725326 0.060285 0.154673
5 0.460375 0.776232 0.040819 0.053219
9 0.595559 0.102179 0.040939 0.044666
5 0.128531 0.053386 0.071126 0.106773
5 0.164099 0.073213 0.053777 0.089115
5 0.212836 0.038964 0.049777 0.044525
5 0.203863 0.090959 0.050023 0.043142
5 0.255535 0.056183 0.048185 0.043883
5 0.248652 0.082070 0.050449 0.045537
5 0.247623 0.108606 0.051898 0.045381
5 0.199632 0.117916 0.055184 0.044482
5 0.243534 0.134764 0.049635 0.043726
5 0.295758 0.074542 0.047020 0.045636
5 0.292853 0.102033 0.041536 0.039720
5 0.290232 0.127928 0.044330 0.041587
5 0.284784 0.150543 0.050941 0.042771
5 0.338017 0.089444 0.046878 0.044838
5 0.333412 0.120100 0.049246 0.044311
5 0.331005 0.144797 0.040929 0.033547
5 0.325362 0.166906 0.043761 0.038394
5 0.382592 0.081752 0.042635 0.043127
5 0.380309 0.107354 0.040229 0.040675
5 0.375865 0.135508 0.041782 0.038337
5 0.371511 0.161559 0.040901 0.041687
5 0.416998 0.120010 0.046206 0.043826
5 0.487005 0.226529 0.050781 0.061232
5 0.407526 0.198756 0.047409 0.045052
5 0.842539 0.207766 0.055414 0.062359
5 0.833969 0.241528 0.056086 0.063371
5 0.825802 0.281014 0.055518 0.060178
5 0.622312 0.199383 0.050109 0.060219
5 0.575390 0.220247 0.050459 0.056656
5 0.302266 0.540902 0.040826 0.035729
5 0.311253 0.493617 0.042028 0.036954
5 0.352434 0.485840 0.045637 0.040632
5 0.390194 0.510050 0.067099 0.161174
5 0.431652 0.531047 0.061680 0.150097
5 0.468834 0.547324 0.063205 0.155900
5 0.508370 0.561556 0.065327 0.156755
5 0.546011 0.578446 0.058147 0.152378
5 0.584732 0.594061 0.063736 0.156113
5 0.623349 0.607067 0.059700 0.150040
5 0.662284 0.621484 0.062533 0.154887
5 0.364191 0.625765 0.029118 0.028044
5 0.360580 0.650833 0.038911 0.030511
5 0.591757 0.746196 0.049000 0.045694