9 0.599230 0.805424 0.068810 0.102444
5 0.228525 0.256337 0.057368 0.103101
5 0.282287 0.957985 0.078841 0.084030
5 0.182379 0.278533 0.066603 0.104088
1 0.275422 0.239486 0.068595 0.106491
1 0.179352 0.971637 0.058119 0.056726
1 0.288866 0.938947 0.065608 0.122106
1 0.235051 0.927992 0.054756 0.064788
5 0.232282 0.967394 0.074318 0.065213
1 0.139178 0.299010 0.052929 0.092864
5 0.216092 0.991846 0.075016 0.016309
1 0.096457 0.315860 0.059586 0.095700
5 0.319805 0.445870 0.048293 0.091572
5 0.500649 0.378208 0.048643 0.081636
5 0.311896 0.994459 0.069060 0.011082
5 0.154398 0.768248 0.072816 0.182900
5 0.145898 0.728746 0.054692 0.095853
5 0.353345 0.432194 0.047025 0.090626
5 0.282102 0.907427 0.052710 0.058501
5 0.199170 0.751274 0.079019 0.193871
5 0.105941 0.388352 0.058280 0.080959
5 0.224932 0.967129 0.056770 0.065743
5 0.244575 0.733467 0.081709 0.194429
5 0.284613 0.918514 0.056333 0.080906
0 0.362616 0.218558 0.049158 0.117752
5 0.035628 0.504134 0.038505 0.073215
5 0.198576 0.493634 0.043208 0.096792
5 0.390545 0.414744 0.040584 0.093678
0 0.198070 0.491300 0.044057 0.101352
5 0.456897 0.167281 0.044938 0.092003
5 0.344366 0.908024 0.074869 0.108919
5 0.253492 0.463439 0.047638 0.114334
5 0.012089 0.229608 0.024178 0.092922
9 0.366056 0.971915 0.064737 0.056170
1 0.294861 0.718769 0.079156 0.185138
1 0.340784 0.700772 0.073757 0.188160
1 0.388617 0.691850 0.072423 0.166877
1 0.433454 0.672578 0.072890 0.172251
1 0.480105 0.653861 0.073347 0.166507
1 0.519877 0.612665 0.083166 0.218609
1 0.565852 0.593364 0.083985 0.220419
1 0.612646 0.575447 0.084232 0.219037
1 0.701631 0.541030 0.099056 0.227207
1 0.759923 0.563417 0.070194 0.137825
1 0.816135 0.495946 0.099227 0.219865
1 0.866500 0.474029 0.097018 0.213051
1 0.911461 0.453852 0.091334 0.214476
0 0.142040 0.511422 0.047143 0.108571
0 0.167841 0.495937 0.038118 0.107914
0 0.222613 0.473107 0.038975 0.112703
0 0.817088 0.264980 0.051380 0.118422
0 0.849825 0.253129 0.046400 0.112719
0 0.876802 0.241023 0.046048 0.116283
0 0.907777 0.227312 0.051199 0.114645
0 0.831133 0.051301 0.057349 0.102603
0 0.868612 0.039630 0.044372 0.079261
0 0.941385 0.215540 0.047467 0.113147
0 0.467895 0.168929 0.021880 0.031007
0 0.394097 0.208376 0.050990 0.119006
0 0.493012 0.163986 0.045076 0.102555
0 0.524430 0.147958 0.042086 0.096910
0 0.556485 0.129109 0.039877 0.090096
0 0.588260 0.115078 0.045847 0.090268
0 0.621211 0.104425 0.044495 0.088243
0 0.651444 0.096145 0.039762 0.081158
0 0.683077 0.081316 0.044457 0.085265
0 0.712667 0.069444 0.043923 0.085051