9 0.543053 0.833471 0.056300 0.083471
5 0.027522 0.974534 0.054833 0.048496
5 0.113059 0.954505 0.061727 0.088641
5 0.279895 0.159436 0.043407 0.089323
5 0.055468 0.935066 0.059519 0.078635
5 0.081046 0.886887 0.051306 0.070107
5 0.204015 0.894464 0.056098 0.142630
5 0.084519 0.979316 0.059193 0.038415
5 0.231484 0.162993 0.053510 0.086292
1 0.328107 0.161333 0.055252 0.088081
1 0.106649 0.843055 0.048646 0.064392
1 0.219292 0.847157 0.046743 0.118350
1 0.170097 0.810734 0.048141 0.047759
5 0.152461 0.893261 0.051053 0.144652
1 0.186216 0.166031 0.040499 0.079892
5 0.129678 0.926911 0.054854 0.127450
1 0.142038 0.165751 0.047358 0.080076
5 0.207494 0.981154 0.057814 0.036204
5 0.335302 0.377884 0.035586 0.080525
5 0.521680 0.382610 0.037960 0.069286
5 0.225945 0.943212 0.058904 0.070362
5 0.119805 0.625178 0.044709 0.171415
5 0.118423 0.583728 0.041869 0.082437
5 0.028570 0.046095 0.050774 0.086934
5 0.370063 0.377672 0.034360 0.080038
5 0.219099 0.809103 0.047114 0.041663
5 0.165986 0.626133 0.049437 0.180876
5 0.138668 0.239449 0.048843 0.064219
5 0.153500 0.844935 0.050065 0.048660
5 0.212922 0.626528 0.052327 0.180294
5 0.219608 0.820786 0.046682 0.065031
0 0.415947 0.174908 0.031325 0.109338
5 0.050737 0.324037 0.028333 0.064431
5 0.209947 0.377041 0.028873 0.088623
5 0.409012 0.375232 0.026567 0.086324
0 0.209862 0.374591 0.028909 0.093329
5 0.515879 0.161915 0.031758 0.082507
5 0.279138 0.833809 0.061765 0.087981
5 0.268211 0.369157 0.030312 0.106206
5 0.067495 0.046550 0.026801 0.085447
9 0.283906 0.932645 0.049125 0.100000
1 0.264035 0.631818 0.051333 0.171074
1 0.311504 0.632231 0.044709 0.176860
1 0.359249 0.642149 0.047469 0.153719
1 0.405890 0.640909 0.046917 0.159504
1 0.454187 0.640909 0.048573 0.152893
1 0.499724 0.616529 0.049125 0.206612
1 0.547469 0.615702 0.049677 0.208264
1 0.595766 0.616529 0.050229 0.206612
1 0.687668 0.617769 0.065132 0.209091
1 0.740104 0.661983 0.050781 0.122314
1 0.806064 0.618595 0.066788 0.200826
1 0.858501 0.616942 0.065684 0.194215
1 0.905418 0.614876 0.059060 0.198347
0 0.152263 0.372314 0.030910 0.100000
0 0.179861 0.367355 0.020975 0.103306
0 0.236713 0.366529 0.020975 0.108264
0 0.846909 0.395868 0.033670 0.109091
0 0.880579 0.397107 0.029254 0.104959
0 0.908729 0.395868 0.028150 0.109091
0 0.941019 0.394628 0.034222 0.104959
0 0.898794 0.187190 0.040293 0.106612
0 0.938260 0.183471 0.027598 0.102479
0 0.975517 0.396281 0.030358 0.104959
0 0.526218 0.167769 0.018215 0.024793
0 0.448115 0.177273 0.033118 0.109917
0 0.551333 0.172727 0.029806 0.094215
0 0.584451 0.169421 0.027598 0.089256
0 0.618672 0.163636 0.026494 0.082645
0 0.651790 0.162397 0.033118 0.080165
0 0.685460 0.164876 0.032014 0.078512
0 0.716094 0.168595 0.028150 0.072727
0 0.749212 0.166529 0.032566 0.075207
0 0.779846 0.166529 0.032014 0.075207