9 0.483942 0.838792 0.068810 0.102444
5 0.047678 0.789069 0.074946 0.109541
5 0.346265 0.085744 0.057368 0.103101
5 0.015476 0.747974 0.030952 0.099021
5 0.029641 0.711349 0.059283 0.087601
5 0.145914 0.766321 0.078841 0.159509
5 0.023865 0.801974 0.047730 0.060045
5 0.298888 0.070420 0.066603 0.104088
1 0.392506 0.106260 0.068595 0.106491
1 0.060752 0.678932 0.058119 0.081049
1 0.168848 0.726546 0.065608 0.132431
1 0.127625 0.672300 0.054756 0.064788
5 0.096324 0.745181 0.074318 0.159507
1 0.254638 0.055811 0.052929 0.092864
5 0.068501 0.768855 0.075016 0.144365
1 0.212013 0.043135 0.059586 0.086271
5 0.134289 0.851406 0.062102 0.057375
5 0.362023 0.318220 0.048293 0.091572
5 0.541233 0.395012 0.048643 0.081636
5 0.158670 0.821907 0.069060 0.090791
5 0.111122 0.473578 0.072816 0.182900
5 0.116952 0.433004 0.054692 0.095853
5 0.395636 0.331486 0.047025 0.090626
5 0.175239 0.689714 0.052710 0.058501
5 0.155564 0.492396 0.079019 0.193871
5 0.196019 0.108302 0.058280 0.080959
5 0.105682 0.698904 0.056770 0.066403
5 0.200832 0.510967 0.081709 0.194429
5 0.173711 0.701196 0.056333 0.080906
0 0.475006 0.153413 0.049158 0.117752
5 0.096462 0.155932 0.038505 0.073215
5 0.241085 0.268828 0.043208 0.096792
5 0.433680 0.344223 0.040584 0.093678
0 0.241426 0.266428 0.044057 0.101352
5 0.573779 0.179588 0.044938 0.092003
5 0.228962 0.736845 0.074869 0.108919
5 0.298726 0.283791 0.047638 0.114334
9 0.216483 0.834161 0.064737 0.115630
1 0.249289 0.535884 0.079156 0.185138
1 0.295069 0.554678 0.073757 0.188160
1 0.339473 0.582761 0.072423 0.166877
1 0.384739 0.599638 0.072890 0.172251
1 0.431391 0.618354 0.073347 0.166507
1 0.479590 0.612451 0.083166 0.218609
1 0.525851 0.630155 0.083985 0.220419
1 0.572360 0.649670 0.084232 0.219037
1 0.660916 0.686482 0.099056 0.227207
1 0.703922 0.749510 0.070194 0.137825
1 0.775135 0.733161 0.099227 0.219865
1 0.826071 0.751885 0.097018 0.213051
1 0.871746 0.768071 0.091334 0.214476
0 0.186184 0.241908 0.047143 0.108571
0 0.213698 0.247813 0.038118 0.107914
0 0.268756 0.269047 0.038975 0.112703
0 0.853089 0.533852 0.051380 0.118422
0 0.885397 0.548097 0.046400 0.112719
0 0.912802 0.557809 0.046048 0.116283
0 0.944206 0.569124 0.051199 0.114645
0 0.939277 0.352391 0.057349 0.118594
0 0.977928 0.364093 0.044144 0.109682
0 0.976755 0.584090 0.046490 0.113147
0 0.582754 0.189250 0.021880 0.031007
0 0.505669 0.168163 0.050990 0.119006
0 0.606156 0.203771 0.045076 0.102555
0 0.638717 0.213412 0.042086 0.096910
0 0.672772 0.221086 0.039877 0.090096
0 0.704976 0.232723 0.045847 0.090268
0 0.737070 0.248166 0.044495 0.088243
0 0.766017 0.263629 0.039762 0.081158
0 0.798364 0.274468 0.044457 0.085265
0 0.827954 0.286339 0.043923 0.085051