9 0.275348 0.344536 0.044412 0.083056
7 0.255999 0.827403 0.041309 0.131697
9 0.515973 0.259306 0.078124 0.079056
5 0.567641 0.088531 0.027933 0.060184
7 0.183430 0.799461 0.039143 0.113450
7 0.348307 0.730452 0.036272 0.114512
5 0.514400 0.054379 0.043313 0.108757
1 0.597167 0.144421 0.048553 0.148929
1 0.628657 0.161184 0.046381 0.147061
1 0.656379 0.176421 0.050092 0.148986
1 0.686949 0.191851 0.047287 0.145308
1 0.717186 0.209675 0.050092 0.148986
1 0.771012 0.235885 0.051682 0.143883
1 0.802613 0.251849 0.048685 0.141587
1 0.828753 0.270542 0.048685 0.141587
1 0.856822 0.281681 0.050777 0.145636
1 0.886456 0.297481 0.047750 0.140361
1 0.914717 0.310429 0.050504 0.149200
1 0.941836 0.323641 0.049046 0.146961
1 0.971194 0.341437 0.050254 0.144624
1 0.562971 0.302081 0.040587 0.152206
1 0.586309 0.315470 0.044600 0.153547
1 0.609195 0.327342 0.044408 0.154929
1 0.633111 0.339748 0.039622 0.148000
1 0.654991 0.354093 0.040557 0.149226
1 0.678812 0.365594 0.042397 0.148699
1 0.705832 0.384316 0.051521 0.148245
1 0.735053 0.399901 0.047669 0.142542
1 0.763479 0.411653 0.051963 0.151438
1 0.793195 0.430062 0.048715 0.144567
1 0.821440 0.444714 0.051601 0.146064
1 0.850938 0.458304 0.050173 0.146805
1 0.883594 0.477811 0.049510 0.142015
1 0.915074 0.489862 0.045608 0.141473
1 0.943621 0.505527 0.046845 0.142115
1 0.972033 0.518981 0.048958 0.138024
1 0.539381 0.472515 0.047074 0.154830
1 0.572631 0.489335 0.052604 0.164368
1 0.605810 0.508258 0.049025 0.155101
1 0.638497 0.524357 0.051396 0.166704
1 0.672295 0.543600 0.048672 0.160846
1 0.704804 0.556186 0.054474 0.166819
1 0.735896 0.571031 0.048370 0.161430
1 0.766686 0.584864 0.051337 0.160746
1 0.805704 0.611093 0.055711 0.167460
1 0.864181 0.632444 0.051477 0.164524
1 0.898119 0.647481 0.050623 0.161116
1 0.931861 0.667124 0.050645 0.152977
1 0.515409 0.639328 0.047831 0.138180
1 0.546944 0.650980 0.050534 0.152179
1 0.577829 0.665718 0.051440 0.150426
1 0.606870 0.684205 0.049378 0.149357
1 0.633224 0.690175 0.041263 0.137737
1 0.661842 0.703736 0.042419 0.140559
1 0.692779 0.724491 0.053884 0.148730
1 0.723389 0.741225 0.045387 0.139876
1 0.749945 0.753717 0.049621 0.142814
1 0.781710 0.768484 0.050696 0.147817
1 0.808031 0.784276 0.049790 0.149571
1 0.837231 0.790439 0.050505 0.149200
1 0.866257 0.810630 0.048575 0.140789
1 0.893873 0.820249 0.049098 0.141801
9 0.933445 0.842487 0.058522 0.140762
9 0.857886 0.944992 0.078587 0.110015
1 0.498183 0.792528 0.045748 0.145250
1 0.528148 0.805933 0.048936 0.146163
1 0.558717 0.821363 0.045969 0.146847
1 0.586109 0.838995 0.048855 0.148344
1 0.615857 0.847581 0.048694 0.152706
1 0.673792 0.877634 0.048825 0.145364
1 0.701888 0.891780 0.050645 0.152977
1 0.732181 0.909206 0.047287 0.145308
1 0.762065 0.920001 0.049267 0.148558
1 0.792137 0.931895 0.047235 0.136211
1 0.910389 0.961334 0.050114 0.077331
1 0.536471 0.110370 0.034793 0.043983
1 0.565869 0.129470 0.027894 0.041144
1 0.543903 0.053477 0.029021 0.040988
1 0.491314 0.027908 0.030670 0.041844
1 0.488960 0.054495 0.029734 0.040617
1 0.483072 0.082670 0.025471 0.034701
1 0.464872 0.014641 0.028417 0.029282
1 0.462912 0.043122 0.030036 0.040033
1 0.457245 0.069700 0.028850 0.034231
1 0.433383 0.056895 0.023188 0.032035
1 0.435972 0.027009 0.030309 0.036469
1 0.409085 0.018435 0.026959 0.036871
1 0.403583 0.042292 0.025500 0.037680
1 0.376313 0.028574 0.029896 0.036255
1 0.380979 0.010315 0.034189 0.020629
1 0.355329 0.005515 0.026495 0.011030
1 0.326007 0.010567 0.026215 0.021133
1 0.195228 0.037310 0.025288 0.047203
1 0.171960 0.022314 0.030810 0.044629
1 0.068999 0.031295 0.031686 0.040889
1 0.093240 0.095634 0.029263 0.034445
1 0.120712 0.205284 0.024956 0.044807
1 0.126640 0.112960 0.027776 0.029228
1 0.149099 0.614869 0.035703 0.125220
1 0.171090 0.628415 0.039010 0.138050
1 0.489078 0.618824 0.039482 0.144223
1 0.395530 0.569870 0.038487 0.137039
1 0.417870 0.596860 0.041829 0.122471
1 0.443325 0.610919 0.035173 0.113090
1 0.469083 0.780855 0.036808 0.133204
1 0.445251 0.764643 0.037522 0.132833
1 0.284611 0.684736 0.035239 0.130166
1 0.089256 0.601794 0.037835 0.071494
1 0.097949 0.531010 0.040399 0.081716
1 0.131510 0.553554 0.036275 0.079577
1 0.041083 0.616163 0.046187 0.106948