9 0.265294 0.582821 0.044412 0.083056
7 0.373248 0.976939 0.041309 0.046123
9 0.451668 0.276091 0.078124 0.079056
5 0.947343 0.750282 0.039283 0.081258
5 0.452308 0.078183 0.027933 0.060184
7 0.428149 0.846412 0.036272 0.114512
5 0.396613 0.097574 0.043313 0.114688
1 0.492313 0.098005 0.048553 0.148929
1 0.523913 0.082040 0.046381 0.147061
1 0.551857 0.071447 0.050092 0.142894
1 0.582316 0.062414 0.047287 0.124827
1 0.613106 0.056417 0.050092 0.112833
1 0.666490 0.040439 0.051682 0.080879
1 0.697980 0.031484 0.048685 0.062968
1 0.725445 0.026927 0.048685 0.053854
1 0.752631 0.019177 0.050777 0.038355
1 0.782376 0.010358 0.047750 0.020715
1 0.503417 0.267643 0.040587 0.152206
1 0.527087 0.256648 0.044600 0.153547
1 0.549973 0.244776 0.044408 0.154929
1 0.573889 0.232370 0.039622 0.148000
1 0.596542 0.223614 0.040557 0.149226
1 0.620142 0.210517 0.042397 0.148699
1 0.648377 0.200576 0.051521 0.148245
1 0.677709 0.185788 0.047669 0.142542
1 0.705362 0.168449 0.051963 0.151438
1 0.735851 0.155628 0.048715 0.144567
1 0.764096 0.140976 0.051601 0.146064
1 0.793153 0.124192 0.050173 0.146805
1 0.826471 0.109476 0.049510 0.142015
1 0.856846 0.089441 0.045608 0.141473
1 0.885615 0.075374 0.046845 0.142115
1 0.913694 0.064268 0.048958 0.128536
1 0.527007 0.438077 0.047074 0.154830
1 0.560145 0.420459 0.052604 0.164368
1 0.593767 0.404730 0.049025 0.155101
1 0.626233 0.387033 0.051396 0.166704
1 0.660472 0.370983 0.048672 0.160846
1 0.691877 0.350414 0.054474 0.166819
1 0.722637 0.333174 0.048370 0.161430
1 0.752874 0.315350 0.051337 0.160746
1 0.793440 0.300296 0.055711 0.167460
1 0.849596 0.262183 0.051477 0.164524
1 0.882871 0.242355 0.050623 0.161116
1 0.917166 0.226704 0.050645 0.152977
1 0.549329 0.605746 0.047831 0.138180
1 0.579648 0.585312 0.050534 0.152179
1 0.610202 0.568179 0.051440 0.150426
1 0.640127 0.556079 0.049378 0.149357
1 0.664492 0.535740 0.041263 0.137737
1 0.692779 0.519783 0.042419 0.140559
1 0.724932 0.507810 0.053884 0.148730
1 0.755762 0.492672 0.045387 0.139876
1 0.781987 0.477786 0.049621 0.142814
1 0.813310 0.459826 0.050696 0.147817
1 0.840183 0.448025 0.049790 0.149571
1 0.867063 0.425098 0.050505 0.149200
1 0.897415 0.414487 0.048575 0.140789
1 0.923816 0.396086 0.049098 0.141801
9 0.963829 0.377041 0.058522 0.140762
9 0.929703 0.555168 0.078587 0.147466
1 0.573978 0.755096 0.045748 0.145250
1 0.603391 0.737699 0.048936 0.146163
1 0.633850 0.721472 0.045969 0.146847
1 0.662126 0.710227 0.048855 0.148344
1 0.690106 0.688867 0.048694 0.152706
1 0.748041 0.658814 0.048825 0.145364
1 0.776026 0.643870 0.050645 0.152977
1 0.806761 0.629638 0.047287 0.145308
1 0.835430 0.610060 0.049267 0.148558
1 0.866385 0.597425 0.047235 0.150468
1 0.978851 0.529785 0.042297 0.140846
1 0.430954 0.127267 0.034793 0.043983
1 0.461347 0.115352 0.027894 0.041144
1 0.422697 0.070803 0.029021 0.040988
1 0.370549 0.099565 0.030670 0.041844
1 0.375378 0.124868 0.029734 0.040617
1 0.377555 0.154968 0.025471 0.034701
1 0.342561 0.108094 0.028417 0.042157
1 0.349882 0.140232 0.030036 0.040033
1 0.351838 0.168735 0.028850 0.034231
1 0.327867 0.180742 0.023188 0.032035
1 0.322390 0.152354 0.030309 0.036469
1 0.296497 0.169636 0.026959 0.039919
1 0.298287 0.196941 0.025500 0.037680
1 0.271128 0.211459 0.029896 0.036255
1 0.267286 0.180510 0.034189 0.045152
1 0.211518 0.179921 0.028527 0.042955
1 0.239231 0.169396 0.027371 0.040133
1 0.214631 0.210391 0.026959 0.039919
1 0.242630 0.197150 0.026495 0.044865
1 0.220821 0.237554 0.026215 0.037309
1 0.186981 0.210189 0.027651 0.047687
1 0.165396 0.258605 0.023741 0.036026
1 0.136825 0.235779 0.024109 0.052519
1 0.113637 0.248662 0.026172 0.053588
1 0.116560 0.394310 0.025288 0.047203
1 0.092408 0.403416 0.030810 0.045621
1 0.010766 0.511287 0.021532 0.040889
1 0.043299 0.543541 0.029263 0.034445
1 0.095410 0.611909 0.024956 0.044807
1 0.076699 0.526215 0.027776 0.029228
1 0.225779 0.938266 0.035703 0.123469
1 0.248321 0.929587 0.039010 0.138050
1 0.521230 0.613477 0.039482 0.144223
1 0.427572 0.661633 0.038487 0.137039
1 0.453890 0.663382 0.041829 0.122471
1 0.479565 0.650918 0.035173 0.113090
1 0.545762 0.773155 0.036808 0.133204
1 0.520936 0.782183 0.037522 0.132833
1 0.361180 0.868477 0.035239 0.130166
1 0.170576 0.974999 0.037835 0.050003
1 0.159822 0.916030 0.040399 0.081716
1 0.194710 0.903066 0.036275 0.079577