5 0.481247 0.067194 0.081571 0.130957
5 0.570824 0.065347 0.087349 0.130693
5 0.391964 0.066885 0.082880 0.132173
5 0.668913 0.066067 0.091429 0.130225
5 0.762920 0.065966 0.086038 0.129952
9 0.808166 0.264876 0.350615 0.111570
9 0.682474 0.375207 0.135615 0.094215
9 0.930275 0.374793 0.108602 0.093388
9 0.379545 0.264876 0.230987 0.104959
9 0.100046 0.644628 0.120730 0.071074
5 0.304295 0.066529 0.074974 0.126446
5 0.208648 0.064463 0.071115 0.123967
5 0.118238 0.071074 0.062295 0.133884
5 0.201206 0.274380 0.090410 0.097521
5 0.062559 0.275207 0.098679 0.114050
5 0.071655 0.376446 0.106948 0.098347
5 0.189353 0.375620 0.103089 0.103306
5 0.313116 0.376446 0.103641 0.109917
5 0.431090 0.381818 0.102538 0.104132
5 0.563122 0.274380 0.103089 0.100826
5 0.558987 0.382645 0.099231 0.090909
5 0.820570 0.373140 0.099782 0.090083
5 0.933582 0.480165 0.103089 0.102479
5 0.815057 0.470661 0.108602 0.095041
5 0.678891 0.469421 0.098679 0.085950
5 0.550442 0.476446 0.114115 0.085124
5 0.432192 0.474793 0.099231 0.081818
5 0.313667 0.468595 0.104743 0.084298
5 0.194866 0.470248 0.106397 0.089256
5 0.072482 0.463636 0.110807 0.080992
5 0.846480 0.650826 0.090961 0.091736
5 0.691570 0.647934 0.079936 0.080992
5 0.841518 0.758678 0.108602 0.104132
5 0.828839 0.865289 0.089859 0.085950
5 0.705903 0.855372 0.090961 0.092562
5 0.696807 0.740496 0.091513 0.099174
5 0.569737 0.660744 0.082141 0.101653
5 0.571666 0.772727 0.098128 0.107438
5 0.577455 0.869008 0.088756 0.095041
5 0.461410 0.664050 0.091513 0.121488
5 0.450936 0.764876 0.095923 0.088430
5 0.447904 0.873140 0.098679 0.104959
5 0.340680 0.661157 0.094820 0.109091
5 0.335443 0.759504 0.107500 0.104132
5 0.330757 0.866942 0.094820 0.104132
5 0.218847 0.633884 0.079384 0.077686
5 0.211405 0.765702 0.093166 0.113223
5 0.211405 0.876033 0.087654 0.094215
5 0.072757 0.748760 0.116872 0.125620
5 0.068072 0.871074 0.104192 0.097521