5 0.800687 0.574333 0.028087 0.072990
5 0.570056 0.503368 0.021022 0.063912
5 0.541571 0.189706 0.032219 0.085557
5 0.671640 0.759870 0.030849 0.100036
5 0.552479 0.509401 0.021859 0.064806
5 0.446073 0.440907 0.028307 0.081531
5 0.826316 0.562677 0.027019 0.072493
5 0.352762 0.759944 0.033944 0.096993
5 0.381562 0.748539 0.035067 0.096065
5 0.933975 0.428359 0.040576 0.109982
5 0.505345 0.826318 0.036330 0.095950
5 0.586886 0.496237 0.022222 0.067043
5 0.831454 0.695513 0.031396 0.107741
5 0.700215 0.750505 0.030538 0.104013
5 0.502135 0.418656 0.031687 0.084973
5 0.294412 0.651771 0.026182 0.088311
5 0.864225 0.435688 0.028126 0.074098
5 0.417197 0.450248 0.029851 0.084545
5 0.885642 0.673825 0.030585 0.105883
5 0.649136 0.518848 0.026879 0.071729
5 0.830790 0.451865 0.028426 0.081384
5 0.591513 0.807185 0.032835 0.074969
5 0.552649 0.396509 0.032689 0.091424
5 0.588368 0.800719 0.030581 0.087324
5 0.562987 0.808765 0.037962 0.097904
5 0.766792 0.477371 0.025246 0.080108
5 0.533931 0.817872 0.035563 0.098264
5 0.408894 0.661975 0.026956 0.063153
5 0.708286 0.496057 0.025966 0.077389
5 0.858397 0.686401 0.030174 0.106949
5 0.795515 0.461900 0.025722 0.073681
5 0.475513 0.428943 0.031398 0.086134
9 0.443289 0.097394 0.086353 0.126510
5 0.486444 0.206808 0.032382 0.092670
5 0.570906 0.182370 0.027194 0.078504
5 0.644853 0.172091 0.030391 0.091414
5 0.477916 0.837073 0.031316 0.092502
5 0.679095 0.508018 0.027832 0.071985
5 0.727453 0.739985 0.028986 0.100143
5 0.842429 0.100347 0.030117 0.092768
5 0.644731 0.773798 0.031464 0.090244
5 0.336672 0.635920 0.027181 0.087547
5 0.535292 0.516515 0.022246 0.064205
5 0.684423 0.281214 0.027394 0.084334
5 0.432477 0.228648 0.036234 0.094193
5 0.315123 0.643980 0.024677 0.084433
5 0.378386 0.247967 0.037609 0.099232
5 0.817081 0.112819 0.027170 0.087928
5 0.517593 0.524140 0.022182 0.067413
5 0.790569 0.122113 0.031605 0.093665
5 0.226518 0.938516 0.031399 0.094021
5 0.620683 0.184384 0.028468 0.081744
5 0.740878 0.135920 0.029582 0.093203
5 0.594318 0.167046 0.031019 0.088539
5 0.569176 0.173659 0.032695 0.096228
5 0.662261 0.288614 0.028418 0.085000
5 0.642538 0.402984 0.029610 0.045456
5 0.901105 0.456828 0.046801 0.138910
5 0.588619 0.699343 0.027357 0.043355
5 0.806449 0.700153 0.033294 0.117307
5 0.710340 0.034873 0.025289 0.069747
5 0.774039 0.584569 0.034986 0.081172
5 0.728884 0.749539 0.025102 0.074228
5 0.716428 0.147412 0.030931 0.093944
5 0.739632 0.484414 0.030191 0.074060
5 0.773258 0.244367 0.037776 0.096728
5 0.334418 0.895908 0.031817 0.095014
5 0.462582 0.729416 0.043393 0.085209
5 0.337033 0.914790 0.021238 0.041690
5 0.846523 0.553802 0.024447 0.072043
5 0.669939 0.164669 0.028414 0.092809
5 0.614917 0.805123 0.026819 0.057908
5 0.604166 0.489912 0.021698 0.067519
5 0.752192 0.593859 0.021189 0.071707
5 0.655782 0.291121 0.039521 0.087613
5 0.474801 0.633282 0.039424 0.077670
5 0.720131 0.267973 0.024863 0.080992
5 0.357890 0.628750 0.026368 0.087120
5 0.279684 0.917206 0.032837 0.092507
5 0.765481 0.127706 0.031305 0.096755
5 0.504206 0.714061 0.037114 0.082470
5 0.438486 0.645145 0.034644 0.071383
5 0.253257 0.927726 0.029938 0.092492
5 0.877122 0.544812 0.026155 0.070298
5 0.274619 0.671540 0.026686 0.073277
5 0.691898 0.278880 0.041074 0.091770
5 0.320285 0.772503 0.039013 0.104681
5 0.963814 0.423311 0.033731 0.089926
5 0.747232 0.595956 0.028851 0.073940
5 0.308646 0.907784 0.034291 0.095706
5 0.672203 0.400175 0.030943 0.052391
5 0.786627 0.017821 0.027192 0.035642
5 0.743333 0.252538 0.038119 0.106206
5 0.809245 0.016003 0.026374 0.032007
5 0.656467 0.633918 0.024166 0.067916
5 0.332469 0.377217 0.029766 0.057270