5 0.802498 0.516614 0.030178 0.076106
5 0.569924 0.489974 0.022979 0.065915
5 0.529074 0.182946 0.034695 0.089067
5 0.681322 0.726095 0.033986 0.102753
5 0.552653 0.499340 0.023825 0.066947
5 0.443928 0.451433 0.030752 0.084389
5 0.827567 0.500107 0.029127 0.075410
5 0.363659 0.787079 0.036843 0.100447
5 0.391896 0.770216 0.037887 0.099780
5 0.929474 0.345736 0.043789 0.114323
5 0.518301 0.824056 0.039100 0.099926
5 0.586406 0.479655 0.024270 0.069178
5 0.837968 0.631457 0.034840 0.110295
5 0.709415 0.711307 0.033855 0.106525
5 0.498893 0.418558 0.034157 0.088395
5 0.301230 0.690464 0.028989 0.090496
5 0.860281 0.366361 0.030263 0.077183
5 0.415534 0.466254 0.032369 0.087609
5 0.891087 0.599500 0.033979 0.108338
5 0.649318 0.490289 0.028960 0.074645
5 0.827617 0.388862 0.030860 0.084271
5 0.603381 0.788536 0.034841 0.078980
5 0.548333 0.386846 0.035397 0.094821
5 0.599990 0.782695 0.033190 0.090438
5 0.575026 0.795559 0.040757 0.102143
5 0.764877 0.426496 0.027740 0.082394
5 0.546443 0.810181 0.038458 0.102002
5 0.415682 0.678762 0.028671 0.066389
5 0.707337 0.456287 0.028318 0.079917
5 0.864446 0.617233 0.033628 0.109283
5 0.792875 0.405597 0.027926 0.076292
5 0.472780 0.433890 0.033928 0.089456
9 0.427495 0.109759 0.088639 0.139569
5 0.474836 0.210513 0.035153 0.095960
5 0.558005 0.170035 0.029550 0.081243
5 0.631262 0.145669 0.033180 0.094344
5 0.491405 0.840009 0.034118 0.095581
5 0.678733 0.473778 0.029890 0.075085
5 0.736131 0.695624 0.032194 0.102478
5 0.825233 0.042128 0.032973 0.084255
5 0.655069 0.745111 0.034166 0.093434
5 0.342698 0.666601 0.029920 0.089962
5 0.535814 0.509711 0.024172 0.066446
5 0.675021 0.246819 0.029989 0.086906
5 0.421943 0.242579 0.038933 0.098212
5 0.321552 0.678747 0.027374 0.086449
5 0.368827 0.272156 0.040473 0.103351
5 0.800478 0.053725 0.029926 0.090327
5 0.518486 0.520688 0.024247 0.069527
5 0.774436 0.068048 0.034446 0.096762
5 0.244997 0.970278 0.034262 0.059445
5 0.607672 0.162533 0.030916 0.084626
5 0.725483 0.091294 0.032476 0.095905
5 0.580719 0.150297 0.033664 0.091699
5 0.555936 0.161687 0.035606 0.099455
5 0.653237 0.258424 0.031005 0.087757
5 0.638137 0.376126 0.030482 0.049860
5 0.897862 0.380375 0.051017 0.143489
5 0.596209 0.681657 0.028220 0.047376
5 0.813242 0.640855 0.037076 0.119908
5 0.690864 0.016264 0.027722 0.032527
5 0.776359 0.531902 0.037179 0.085400
5 0.737936 0.704869 0.027352 0.076693
5 0.701583 0.107413 0.033808 0.096894
5 0.738100 0.438700 0.032252 0.077566
5 0.762053 0.193143 0.040528 0.100971
5 0.350792 0.926031 0.034707 0.098106
5 0.471847 0.735690 0.045458 0.091003
5 0.354148 0.944341 0.022247 0.044526
5 0.847344 0.487406 0.026627 0.074453
5 0.655957 0.133484 0.031332 0.095288
5 0.626614 0.782011 0.028317 0.061302
5 0.603369 0.470053 0.023785 0.069531
5 0.754965 0.545329 0.023471 0.073466
5 0.646883 0.262159 0.041824 0.092534
5 0.480197 0.637588 0.041310 0.082924
5 0.710067 0.226808 0.027407 0.083169
5 0.363551 0.655405 0.029118 0.089385
5 0.297113 0.954877 0.035586 0.090246
5 0.749666 0.078412 0.034288 0.099681
5 0.512703 0.712443 0.039285 0.087084
5 0.444492 0.656343 0.036434 0.075889
5 0.271205 0.962792 0.032789 0.074416
5 0.877469 0.472605 0.028200 0.073117
5 0.282299 0.713938 0.028839 0.076098
5 0.682374 0.243066 0.043498 0.096859
5 0.331805 0.805795 0.042057 0.108892
5 0.959000 0.335007 0.036338 0.093587
5 0.750107 0.548366 0.030955 0.077178
5 0.325591 0.942784 0.037123 0.099276
5 0.667578 0.367662 0.032061 0.056819
5 0.732566 0.206999 0.041259 0.110181
5 0.661197 0.603521 0.026182 0.070415
5 0.328223 0.409685 0.031132 0.061286