5 0.790229 0.687638 0.023281 0.065119
5 0.568725 0.529979 0.016642 0.058467
5 0.565525 0.210241 0.026552 0.076616
5 0.648443 0.821244 0.023895 0.092345
5 0.550937 0.529230 0.017444 0.059065
5 0.451574 0.421281 0.022792 0.073981
5 0.816393 0.685913 0.022204 0.065031
5 0.334403 0.699959 0.027396 0.087902
5 0.363669 0.699688 0.028651 0.086475
5 0.933058 0.594608 0.033251 0.098829
5 0.479409 0.823395 0.029984 0.085843
5 0.585864 0.529361 0.017636 0.061262
5 0.810928 0.818687 0.023819 0.100198
5 0.677325 0.822896 0.023234 0.096639
5 0.508548 0.420705 0.026044 0.076219
5 0.285510 0.571223 0.019993 0.081947
5 0.863787 0.575281 0.023229 0.066264
5 0.422397 0.419491 0.024156 0.076514
5 0.866011 0.817951 0.023126 0.098579
5 0.645377 0.575319 0.022122 0.064287
5 0.829578 0.578487 0.022929 0.073779
5 0.565784 0.837346 0.028090 0.065270
5 0.560049 0.418118 0.026550 0.082574
5 0.563199 0.829781 0.024686 0.079131
5 0.537566 0.828046 0.031530 0.087230
5 0.764532 0.579250 0.019704 0.073729
5 0.508230 0.825956 0.028985 0.088579
5 0.397445 0.624842 0.022925 0.055268
5 0.705434 0.575386 0.020687 0.070588
5 0.838183 0.819967 0.022605 0.099863
5 0.794044 0.574945 0.020744 0.066801
5 0.481515 0.420703 0.025643 0.077553
9 0.476050 0.081928 0.079832 0.097611
5 0.509880 0.206103 0.026123 0.084004
5 0.594995 0.214181 0.021880 0.071260
5 0.668633 0.232200 0.024142 0.083495
5 0.451545 0.823548 0.025020 0.084260
5 0.675739 0.576056 0.023099 0.064169
5 0.704983 0.822902 0.021934 0.093212
5 0.868892 0.236739 0.023741 0.085024
5 0.620839 0.824720 0.025366 0.081834
5 0.328384 0.571696 0.021104 0.080742
5 0.533447 0.529695 0.017900 0.058278
5 0.698956 0.354725 0.021598 0.077288
5 0.455002 0.207073 0.030032 0.084040
5 0.306524 0.571433 0.018743 0.078492
5 0.400203 0.205513 0.031048 0.088764
5 0.842941 0.239375 0.021061 0.081145
5 0.515413 0.530469 0.017563 0.061666
5 0.816095 0.238438 0.025225 0.085362
5 0.195928 0.827773 0.024979 0.085818
5 0.643856 0.235108 0.022942 0.074139
5 0.766065 0.233124 0.023144 0.085697
5 0.619266 0.208000 0.025043 0.080227
5 0.593982 0.204944 0.026151 0.087606
5 0.676544 0.353578 0.022615 0.077572
5 0.648059 0.458704 0.027199 0.035646
5 0.898432 0.610135 0.037336 0.126625
5 0.571478 0.730041 0.025015 0.034357
5 0.785935 0.813740 0.025002 0.109455
5 0.744353 0.117569 0.019865 0.072263
5 0.763175 0.687577 0.029822 0.070900
5 0.705635 0.832856 0.020049 0.067625
5 0.741076 0.235136 0.024495 0.085927
5 0.737226 0.575849 0.025396 0.065388
5 0.789361 0.352246 0.031434 0.086073
5 0.305565 0.826877 0.025333 0.086690
5 0.444973 0.711690 0.038292 0.071726
5 0.306644 0.846467 0.018742 0.035090
5 0.836996 0.684863 0.019546 0.065601
5 0.693926 0.234438 0.021953 0.085757
5 0.588996 0.844222 0.023224 0.049826
5 0.603383 0.529708 0.017047 0.061973
5 0.740924 0.688411 0.016160 0.066568
5 0.669965 0.353581 0.034031 0.075813
5 0.464624 0.621667 0.034768 0.065432
5 0.735171 0.355275 0.019228 0.074811
5 0.349848 0.572710 0.020288 0.080624
5 0.249975 0.827020 0.026614 0.083649
5 0.790945 0.234398 0.024650 0.088722
5 0.487182 0.712410 0.031942 0.071398
5 0.427920 0.619529 0.030288 0.060779
5 0.223116 0.827323 0.023577 0.084808
5 0.867842 0.687655 0.021483 0.063080
5 0.264452 0.583159 0.021789 0.065987
5 0.706502 0.355271 0.035308 0.079541
5 0.301424 0.699968 0.032060 0.093906
5 0.962844 0.600993 0.027768 0.080582
5 0.735873 0.688589 0.024002 0.065805
5 0.279244 0.828764 0.027868 0.086413
5 0.677496 0.467228 0.028011 0.042374
5 0.822550 0.108452 0.021078 0.081204
5 0.759243 0.348904 0.030994 0.095867
5 0.845186 0.112574 0.020066 0.083465
5 0.643479 0.691431 0.019600 0.061389
5 0.344742 0.315324 0.026366 0.047964