5 0.209771 0.687638 0.023281 0.065119
5 0.431275 0.529979 0.016642 0.058467
5 0.434475 0.210241 0.026552 0.076616
5 0.351557 0.821244 0.023895 0.092345
5 0.449063 0.529230 0.017444 0.059065
5 0.548426 0.421281 0.022792 0.073981
5 0.183607 0.685913 0.022204 0.065031
5 0.665597 0.699959 0.027396 0.087902
5 0.636331 0.699688 0.028651 0.086475
5 0.066942 0.594608 0.033251 0.098829
5 0.520591 0.823395 0.029984 0.085843
5 0.414136 0.529361 0.017636 0.061262
5 0.189072 0.818687 0.023819 0.100198
5 0.322675 0.822896 0.023234 0.096639
5 0.491452 0.420705 0.026044 0.076219
5 0.714490 0.571223 0.019993 0.081947
5 0.136213 0.575281 0.023229 0.066264
5 0.577603 0.419491 0.024156 0.076514
5 0.133989 0.817951 0.023126 0.098579
5 0.354623 0.575319 0.022122 0.064287
5 0.170422 0.578487 0.022929 0.073779
5 0.434216 0.837346 0.028090 0.065270
5 0.439951 0.418118 0.026550 0.082574
5 0.436801 0.829781 0.024686 0.079131
5 0.462434 0.828046 0.031530 0.087230
5 0.235468 0.579250 0.019704 0.073729
5 0.491770 0.825956 0.028985 0.088579
5 0.602555 0.624842 0.022925 0.055268
5 0.294566 0.575386 0.020687 0.070588
5 0.161817 0.819967 0.022605 0.099863
5 0.205956 0.574945 0.020744 0.066801
5 0.518485 0.420703 0.025643 0.077553
9 0.523950 0.081928 0.079832 0.097611
5 0.490120 0.206103 0.026123 0.084004
5 0.405005 0.214181 0.021880 0.071260
5 0.331367 0.232200 0.024142 0.083495
5 0.548455 0.823548 0.025020 0.084260
5 0.324261 0.576056 0.023099 0.064169
5 0.295017 0.822902 0.021934 0.093212
5 0.131108 0.236739 0.023741 0.085024
5 0.379161 0.824720 0.025366 0.081834
5 0.671616 0.571696 0.021104 0.080742
5 0.466553 0.529695 0.017900 0.058278
5 0.301044 0.354725 0.021598 0.077288
5 0.544998 0.207073 0.030032 0.084040
5 0.693476 0.571433 0.018743 0.078492
5 0.599797 0.205513 0.031048 0.088764
5 0.157059 0.239375 0.021061 0.081145
5 0.484587 0.530469 0.017563 0.061666
5 0.183905 0.238438 0.025225 0.085362
5 0.804072 0.827773 0.024979 0.085818
5 0.356144 0.235108 0.022942 0.074139
5 0.233935 0.233124 0.023144 0.085697
5 0.380734 0.208000 0.025043 0.080227
5 0.406018 0.204944 0.026151 0.087606
5 0.323456 0.353578 0.022615 0.077572
5 0.351941 0.458704 0.027199 0.035646
5 0.101568 0.610135 0.037336 0.126625
5 0.428522 0.730041 0.025015 0.034357
5 0.214065 0.813740 0.025002 0.109455
5 0.255647 0.117569 0.019865 0.072263
5 0.236825 0.687577 0.029822 0.070900
5 0.294365 0.832856 0.020049 0.067625
5 0.258924 0.235136 0.024495 0.085927
5 0.262774 0.575849 0.025396 0.065388
5 0.210639 0.352246 0.031434 0.086073
5 0.694435 0.826877 0.025333 0.086690
5 0.555027 0.711690 0.038292 0.071726
5 0.693356 0.846467 0.018742 0.035090
5 0.163004 0.684863 0.019546 0.065601
5 0.306074 0.234438 0.021953 0.085757
5 0.411004 0.844222 0.023224 0.049826
5 0.396617 0.529708 0.017047 0.061973
5 0.259076 0.688411 0.016160 0.066568
5 0.330035 0.353581 0.034031 0.075813
5 0.535376 0.621667 0.034768 0.065432
5 0.264829 0.355275 0.019228 0.074811
5 0.650152 0.572710 0.020288 0.080624
5 0.750025 0.827020 0.026614 0.083649
5 0.209055 0.234398 0.024650 0.088722
5 0.512818 0.712410 0.031942 0.071398
5 0.572080 0.619529 0.030288 0.060779
5 0.776884 0.827323 0.023577 0.084808
5 0.132158 0.687655 0.021483 0.063080
5 0.735548 0.583159 0.021789 0.065987
5 0.293498 0.355271 0.035308 0.079541
5 0.698576 0.699968 0.032060 0.093906
5 0.037156 0.600993 0.027768 0.080582
5 0.264127 0.688589 0.024002 0.065805
5 0.720756 0.828764 0.027868 0.086413
5 0.322504 0.467228 0.028011 0.042374
5 0.177450 0.108452 0.021078 0.081204
5 0.240757 0.348904 0.030994 0.095867
5 0.154814 0.112574 0.020066 0.083465
5 0.356521 0.691431 0.019600 0.061389
5 0.655258 0.315324 0.026366 0.047964