5 0.461447 0.469701 0.030700 0.133655
5 0.262321 0.079809 0.036774 0.091554
5 0.108576 0.080497 0.036307 0.078246
5 0.461196 0.257099 0.028744 0.111709
5 0.302866 0.080921 0.037581 0.091925
5 0.225230 0.079921 0.039187 0.078983
5 0.147994 0.075466 0.040472 0.070425
5 0.341660 0.080414 0.035312 0.085192
5 0.184458 0.075216 0.037027 0.069690
5 0.380798 0.071477 0.040817 0.068849
5 0.247909 0.267366 0.033276 0.116008
5 0.410609 0.849123 0.028170 0.112321
5 0.751031 0.542500 0.037049 0.149463
5 0.425686 0.467197 0.033036 0.130994
5 0.073080 0.073308 0.035411 0.066752
5 0.380124 0.841305 0.035391 0.122045
5 0.462263 0.072625 0.029255 0.117233
5 0.439296 0.845841 0.035216 0.132840
5 0.146066 0.268006 0.042626 0.125002
5 0.513182 0.795571 0.035221 0.116859
5 0.304609 0.848924 0.033443 0.134855
5 0.285418 0.267910 0.036711 0.117447
6 0.538215 0.150015 0.028759 0.115159
6 0.570936 0.142442 0.029024 0.127203
5 0.355769 0.262363 0.033446 0.111326
5 0.267281 0.848053 0.041601 0.135638
5 0.461200 0.435111 0.027695 0.064170
5 0.159846 0.665778 0.032274 0.121304
5 0.422644 0.658097 0.037402 0.145992
5 0.223596 0.666631 0.036820 0.124703
5 0.193456 0.269053 0.047855 0.122813
0 0.921763 0.141736 0.043526 0.149587
0 0.881267 0.130579 0.026446 0.143802
0 0.825344 0.136364 0.030303 0.150413
0 0.787879 0.142562 0.030303 0.133058
0 0.744077 0.143802 0.028650 0.143802
0 0.707989 0.144215 0.024793 0.131405
0 0.673554 0.148760 0.024242 0.127273
0 0.634986 0.145041 0.033058 0.126446
0 0.931129 0.336364 0.029201 0.173554
0 0.892562 0.333884 0.031405 0.175207
0 0.859504 0.341736 0.026997 0.166116
0 0.824518 0.339256 0.033058 0.180992
0 0.785399 0.341322 0.035262 0.183471
0 0.757025 0.339256 0.024793 0.164463
0 0.726722 0.347107 0.033609 0.176860
0 0.693939 0.346694 0.033058 0.169421
0 0.525620 0.353306 0.028099 0.152893
0 0.583747 0.350826 0.027548 0.162810
0 0.880441 0.555785 0.033609 0.174380
0 0.849311 0.554545 0.031956 0.168595
0 0.818457 0.553719 0.027548 0.168595
0 0.912948 0.772314 0.035813 0.180992
0 0.880716 0.769008 0.027548 0.182645
0 0.842424 0.773554 0.033609 0.176860
0 0.807438 0.771901 0.030854 0.176860
0 0.780165 0.777273 0.031405 0.176033
0 0.753168 0.779752 0.035813 0.182645
0 0.714601 0.782231 0.042424 0.182645
0 0.680716 0.774380 0.030854 0.176860
0 0.649862 0.774380 0.035262 0.171901
0 0.620661 0.781405 0.039669 0.161157
0 0.586501 0.775620 0.029752 0.161157