5 0.538553 0.469701 0.030700 0.133655
5 0.737679 0.079809 0.036774 0.091554
5 0.891424 0.080497 0.036307 0.078246
5 0.538804 0.257099 0.028744 0.111709
5 0.697134 0.080921 0.037581 0.091925
5 0.774770 0.079921 0.039187 0.078983
5 0.852006 0.075466 0.040472 0.070425
5 0.658340 0.080414 0.035312 0.085192
5 0.815542 0.075216 0.037027 0.069690
5 0.619202 0.071477 0.040817 0.068849
5 0.752091 0.267366 0.033276 0.116008
5 0.589391 0.849123 0.028170 0.112321
5 0.248969 0.542500 0.037049 0.149463
5 0.574314 0.467197 0.033036 0.130994
5 0.926920 0.073308 0.035411 0.066752
5 0.619876 0.841305 0.035391 0.122045
5 0.537737 0.072625 0.029255 0.117233
5 0.560704 0.845841 0.035216 0.132840
5 0.853934 0.268006 0.042626 0.125002
5 0.486818 0.795571 0.035221 0.116859
5 0.695391 0.848924 0.033443 0.134855
5 0.714582 0.267910 0.036711 0.117447
6 0.461785 0.150015 0.028759 0.115159
6 0.429064 0.142442 0.029024 0.127203
5 0.644231 0.262363 0.033446 0.111326
5 0.732719 0.848053 0.041601 0.135638
5 0.538800 0.435111 0.027695 0.064170
5 0.840154 0.665778 0.032274 0.121304
5 0.577356 0.658097 0.037402 0.145992
5 0.776404 0.666631 0.036820 0.124703
5 0.806544 0.269053 0.047855 0.122813
0 0.078237 0.141736 0.043526 0.149587
0 0.118733 0.130579 0.026446 0.143802
0 0.174656 0.136364 0.030303 0.150413
0 0.212121 0.142562 0.030303 0.133058
0 0.255923 0.143802 0.028650 0.143802
0 0.292011 0.144215 0.024793 0.131405
0 0.326446 0.148760 0.024242 0.127273
0 0.365014 0.145041 0.033058 0.126446
0 0.068871 0.336364 0.029201 0.173554
0 0.107438 0.333884 0.031405 0.175207
0 0.140496 0.341736 0.026997 0.166116
0 0.175482 0.339256 0.033058 0.180992
0 0.214601 0.341322 0.035262 0.183471
0 0.242975 0.339256 0.024793 0.164463
0 0.273278 0.347107 0.033609 0.176860
0 0.306061 0.346694 0.033058 0.169421
0 0.474380 0.353306 0.028099 0.152893
0 0.416253 0.350826 0.027548 0.162810
0 0.119559 0.555785 0.033609 0.174380
0 0.150689 0.554545 0.031956 0.168595
0 0.181543 0.553719 0.027548 0.168595
0 0.087052 0.772314 0.035813 0.180992
0 0.119284 0.769008 0.027548 0.182645
0 0.157576 0.773554 0.033609 0.176860
0 0.192562 0.771901 0.030854 0.176860
0 0.219835 0.777273 0.031405 0.176033
0 0.246832 0.779752 0.035813 0.182645
0 0.285399 0.782231 0.042424 0.182645
0 0.319284 0.774380 0.030854 0.176860
0 0.350138 0.774380 0.035262 0.171901
0 0.379339 0.781405 0.039669 0.161157
0 0.413499 0.775620 0.029752 0.161157