2 0.858056 0.445591 0.082524 0.165249
2 0.580591 0.251281 0.078074 0.178597
2 0.670998 0.067356 0.085579 0.132649
2 0.318671 0.064660 0.083236 0.127701
2 0.024509 0.471080 0.049003 0.195254
2 0.250324 0.474677 0.077639 0.185008
2 0.770924 0.463689 0.088137 0.204779
2 0.163133 0.064434 0.080087 0.125558
2 0.240350 0.065761 0.077486 0.128502
2 0.580728 0.063253 0.094739 0.124046
2 0.269437 0.712091 0.109425 0.230470
2 0.402765 0.064511 0.088000 0.128601
2 0.339962 0.462397 0.094907 0.200826
2 0.413235 0.471488 0.076763 0.184298
2 0.503489 0.499587 0.088859 0.118182
2 0.596767 0.485537 0.080950 0.180992
2 0.323446 0.244628 0.089789 0.195041
2 0.409048 0.247934 0.091650 0.188430
2 0.498139 0.242975 0.093976 0.188430
2 0.663760 0.243388 0.086532 0.185950
2 0.749362 0.247107 0.077228 0.190083
2 0.835895 0.252479 0.086532 0.166116
2 0.920799 0.250826 0.086067 0.166116
2 0.949643 0.473554 0.087928 0.185124
2 0.837058 0.723140 0.104676 0.204959
2 0.942665 0.727686 0.110259 0.200826
2 0.724705 0.726033 0.100489 0.172727
2 0.628868 0.714050 0.094907 0.218182
2 0.506978 0.716529 0.115377 0.221488
2 0.379739 0.712810 0.109329 0.242149
2 0.174108 0.706612 0.114911 0.231405
2 0.173177 0.464876 0.076763 0.200826
2 0.155499 0.249174 0.091650 0.197521