2 0.837928 0.282820 0.103788 0.197561
2 0.541608 0.222702 0.101435 0.208408
2 0.602137 0.043608 0.101989 0.087216
2 0.261422 0.162864 0.099005 0.161619
2 0.037194 0.690684 0.074388 0.211131
2 0.255142 0.590335 0.101948 0.214400
2 0.756402 0.340362 0.114969 0.238324
2 0.111151 0.234158 0.095651 0.158102
2 0.185930 0.199938 0.093568 0.159749
2 0.514345 0.061354 0.109584 0.122707
2 0.308194 0.810871 0.139275 0.272928
2 0.342629 0.124056 0.103738 0.164679
2 0.339937 0.537260 0.120933 0.237619
2 0.412037 0.512352 0.100999 0.213312
2 0.503310 0.497997 0.103050 0.155010
2 0.591363 0.441539 0.104562 0.212044
2 0.292255 0.334505 0.115146 0.229678
2 0.375422 0.298340 0.115981 0.224148
2 0.460755 0.252589 0.118227 0.225217
2 0.620793 0.176839 0.110676 0.219399
2 0.704020 0.141074 0.102291 0.219114
2 0.788387 0.106477 0.107786 0.200241
2 0.870157 0.082929 0.107337 0.165857
2 0.930469 0.267721 0.111904 0.219243
2 0.858084 0.560566 0.130971 0.246103
2 0.946437 0.516402 0.107126 0.244677
2 0.749980 0.615017 0.122231 0.213044
2 0.655663 0.647506 0.123461 0.254383
2 0.538288 0.705943 0.143716 0.266988
2 0.414842 0.760852 0.140884 0.284165
2 0.215315 0.849409 0.144710 0.276353
2 0.179196 0.616338 0.103407 0.229277
2 0.130693 0.416113 0.117305 0.232929