5 0.952422 0.539054 0.063757 0.036389
5 0.889636 0.719997 0.062233 0.039805
5 0.134016 0.717667 0.057941 0.036555
5 0.134221 0.767485 0.059292 0.038427
5 0.571086 0.538332 0.060995 0.037950
5 0.826498 0.720003 0.062745 0.035741
5 0.072964 0.717111 0.059480 0.038224
5 0.886176 0.539483 0.061242 0.037979
5 0.887341 0.584324 0.064401 0.049395
5 0.562558 0.367315 0.061476 0.035967
5 0.069826 0.541574 0.060771 0.036711
5 0.952674 0.589395 0.062188 0.038116
5 0.572202 0.580732 0.062777 0.053134
5 0.133606 0.367967 0.059626 0.035482
5 0.071688 0.766322 0.061099 0.039131
5 0.134819 0.319898 0.060142 0.036880
5 0.876107 0.313373 0.059593 0.038700
5 0.133452 0.542394 0.065493 0.037053
5 0.439188 0.319718 0.062092 0.038466
5 0.509430 0.539417 0.060905 0.038634
5 0.439092 0.367077 0.058679 0.037320
5 0.071053 0.591051 0.060497 0.038132
5 0.070401 0.366898 0.063986 0.037350
5 0.572615 0.955455 0.063586 0.046151
5 0.438784 0.269899 0.062765 0.038769
5 0.509741 0.582822 0.059249 0.050889
5 0.446691 0.539657 0.058910 0.036416
5 0.020390 0.766344 0.040780 0.040932
5 0.885137 0.490535 0.060302 0.035003
5 0.321877 0.720065 0.061738 0.042351
5 0.509460 0.718734 0.061632 0.039589
5 0.071605 0.318779 0.062637 0.038007
5 0.709057 0.956633 0.063948 0.044315
5 0.697420 0.768303 0.059976 0.040092
5 0.020606 0.716833 0.041211 0.039145
5 0.446809 0.490316 0.058985 0.034818
5 0.572501 0.764777 0.062244 0.053115
5 0.192896 0.319574 0.061331 0.040665
5 0.876878 0.360831 0.060963 0.038838
5 0.955819 0.721387 0.064941 0.040430
5 0.500446 0.318515 0.058379 0.038651
9 0.499898 0.566056 0.999795 0.867888
5 0.571876 0.662057 0.063787 0.054240
5 0.069044 0.434777 0.062581 0.047383
5 0.501609 0.955788 0.068086 0.047886
5 0.447013 0.583185 0.058988 0.049777
5 0.572221 0.718402 0.062043 0.042548
5 0.951159 0.489752 0.063764 0.035844
5 0.573930 0.984297 0.062412 0.031406
5 0.070612 0.491678 0.060283 0.034480
5 0.385239 0.539471 0.061297 0.036835
5 0.386315 0.582671 0.060065 0.050565
5 0.940844 0.312918 0.060696 0.041170
5 0.635121 0.770555 0.061165 0.040215
5 0.194505 0.270080 0.062645 0.042629
5 0.761347 0.720496 0.064144 0.040311
5 0.889246 0.662283 0.061953 0.054334
5 0.019658 0.590259 0.039315 0.038782
5 0.572601 0.813197 0.061883 0.052754
5 0.561617 0.319675 0.060890 0.042541
5 0.826467 0.769163 0.065667 0.037953
5 0.954487 0.663466 0.065535 0.051766
5 0.435373 0.952413 0.062663 0.051489
5 0.321540 0.541204 0.061283 0.036201
5 0.386598 0.438515 0.061472 0.051991
5 0.383358 0.718100 0.063157 0.039353
5 0.133535 0.491793 0.061016 0.035334
5 0.761730 0.770504 0.062365 0.039328
5 0.445900 0.719325 0.060094 0.039456
5 0.569786 0.490427 0.062663 0.035245
5 0.134469 0.272291 0.059321 0.038955
5 0.508443 0.662514 0.060829 0.054585
5 0.191693 0.365582 0.058068 0.039328
5 0.316826 0.366135 0.059075 0.039407
5 0.823824 0.542142 0.063181 0.036916
5 0.696681 0.718934 0.060629 0.036363
5 0.365236 0.958236 0.066979 0.051105
5 0.323589 0.590119 0.058251 0.036856
5 0.876399 0.262437 0.061250 0.040020
5 0.093192 0.950344 0.061096 0.055277
5 0.957422 0.775297 0.071012 0.051457
5 0.940117 0.361189 0.059630 0.036415
5 0.436009 0.983213 0.066211 0.033574
5 0.509277 0.770618 0.061653 0.046071
5 0.256023 0.271697 0.059530 0.042903
5 0.383499 0.667413 0.065901 0.061265
5 0.446649 0.813761 0.059847 0.057122
5 0.500707 0.212809 0.061230 0.054056
5 0.750327 0.359303 0.056982 0.044993
5 0.019327 0.540689 0.038654 0.036348
5 0.161566 0.955397 0.068065 0.051001
5 0.132447 0.436466 0.062318 0.050546
5 0.561393 0.269384 0.060928 0.040416
5 0.447087 0.435024 0.060467 0.048334
5 0.634002 0.661588 0.061985 0.053503
5 0.384193 0.491792 0.057764 0.038065
5 0.134167 0.587229 0.063060 0.046851
5 0.314802 0.214116 0.064280 0.054890
5 0.777271 0.965568 0.068809 0.060031
5 0.377066 0.360500 0.058994 0.049698
5 0.888769 0.772403 0.062847 0.043343
5 0.499877 0.268956 0.059846 0.038750
5 0.019778 0.489626 0.039556 0.037223
5 0.386513 0.820568 0.057523 0.038359
5 0.071468 0.808889 0.064887 0.052449
5 0.071370 0.220898 0.067626 0.065121
5 0.445288 0.661813 0.061428 0.055144
5 0.018903 0.437805 0.037805 0.042885
5 0.135424 0.661148 0.060001 0.052939
5 0.813283 0.356445 0.063550 0.048048
5 0.020247 0.819311 0.040493 0.074872
5 0.759027 0.541763 0.060574 0.035074
5 0.695227 0.541420 0.064645 0.036360
5 0.884912 0.434283 0.062124 0.055234
5 0.073830 0.666492 0.062307 0.044752
5 0.315631 0.271302 0.063078 0.045824
5 0.634574 0.719173 0.061399 0.035671
5 0.956977 0.825000 0.060934 0.041551
5 0.020420 0.363614 0.040840 0.042090
5 0.322662 0.667727 0.060422 0.065765
5 0.228880 0.958924 0.065836 0.075689
5 0.446942 0.769868 0.060008 0.039951
5 0.631964 0.541706 0.059501 0.036520
5 0.847000 0.957343 0.064088 0.047853
5 0.070330 0.269554 0.066517 0.038070
5 0.197917 0.436803 0.069684 0.052795
5 0.643214 0.970337 0.067700 0.057775
5 0.197127 0.540087 0.063432 0.056467
5 0.260907 0.492705 0.062390 0.035323
5 0.131522 0.143381 0.062925 0.033283
5 0.437299 0.214412 0.063349 0.056107
5 0.846716 0.965620 0.066040 0.066951
5 0.696170 0.662339 0.063474 0.053284
5 0.632745 0.583697 0.060833 0.047915
5 0.508325 0.490363 0.058148 0.035602
5 0.687375 0.358133 0.062046 0.048319
5 0.957207 0.816293 0.066018 0.058999
5 0.322263 0.769681 0.062783 0.042690
5 0.254972 0.361582 0.061499 0.045817
5 0.134234 0.741241 0.060543 0.017904
5 0.562607 0.213479 0.062983 0.055619
5 0.323551 0.440725 0.062223 0.058634
5 0.501106 0.366428 0.060358 0.037064
5 0.375722 0.317812 0.062227 0.038061
5 0.196014 0.720593 0.058410 0.045395
5 0.507800 0.437571 0.061398 0.052348
5 0.940701 0.262201 0.059716 0.040114
5 0.446526 0.762996 0.061953 0.055541
5 0.255912 0.320031 0.061441 0.038888
5 0.196279 0.588446 0.062056 0.042092
5 0.502746 0.984392 0.064907 0.031001
5 0.031385 0.964148 0.061837 0.064725
5 0.923257 0.905663 0.072594 0.070948
5 0.259880 0.547342 0.062744 0.050879
5 0.196036 0.668099 0.061462 0.067630
5 0.623740 0.365574 0.061729 0.036979
5 0.709529 0.984644 0.061795 0.030526
5 0.366013 0.985222 0.065444 0.029556
5 0.936018 0.086972 0.062479 0.044656
5 0.694991 0.583355 0.063326 0.049789
5 0.259930 0.719362 0.063587 0.042790
5 0.691688 0.437141 0.067448 0.055797
5 0.384916 0.778490 0.064170 0.051119
5 0.020211 0.311785 0.040422 0.039221
5 0.072436 0.741377 0.060174 0.018302
5 0.130277 0.049927 0.059302 0.039358
5 0.508783 0.810354 0.062745 0.054521
5 0.254885 0.218246 0.059918 0.059251
5 0.952021 0.433275 0.063943 0.055115
5 0.162481 0.983106 0.069014 0.033784
5 0.631536 0.492147 0.059090 0.034895
5 0.570242 0.436436 0.063070 0.052256
5 0.981376 0.958323 0.037248 0.070868
5 0.260246 0.667377 0.065945 0.066184
5 0.260518 0.809828 0.063415 0.055013
5 0.813864 0.312409 0.063802 0.039892
5 0.434207 0.892354 0.063848 0.066249
5 0.193780 0.217931 0.065053 0.061200
5 0.634992 0.743660 0.060859 0.019996
5 0.262062 0.439280 0.063058 0.053600
5 0.759949 0.585747 0.063217 0.044424
5 0.196486 0.762124 0.061290 0.054631
5 0.922058 0.966826 0.072485 0.064432
5 0.192076 0.043710 0.062335 0.051237
5 0.826382 0.662646 0.062397 0.055949
5 0.019515 0.209950 0.039030 0.049912
5 0.761596 0.662162 0.065065 0.054394
5 0.698398 0.810558 0.059242 0.054295
5 0.633665 0.818799 0.063178 0.038963
5 0.376206 0.213155 0.060742 0.055767
5 0.377833 0.269256 0.059813 0.041080
5 0.323666 0.491979 0.060463 0.034787
5 0.776844 0.984042 0.066517 0.031485
5 0.824658 0.584489 0.063157 0.047089
5 0.135738 0.812756 0.062075 0.058264
5 0.629823 0.438034 0.057906 0.051179
5 0.193512 0.098962 0.062271 0.041447
5 0.229129 0.984064 0.064872 0.031872
5 0.196518 0.491541 0.061072 0.036558
5 0.020686 0.661262 0.041371 0.055062
5 0.986897 0.309737 0.026205 0.039018
5 0.070508 0.822327 0.062888 0.078433
5 0.758248 0.492273 0.062505 0.034576
5 0.229929 0.956015 0.064818 0.051098
5 0.826118 0.812696 0.066481 0.057613
5 0.687575 0.315856 0.059938 0.037663
5 0.321790 0.743329 0.061845 0.016737
5 0.942100 0.208198 0.062209 0.063377
5 0.846648 0.984475 0.062201 0.030682
5 0.750134 0.264649 0.059736 0.038072
5 0.987160 0.360242 0.025680 0.037366
5 0.822607 0.435512 0.062311 0.055502
5 0.986700 0.204993 0.026600 0.057024
5 0.093634 0.982467 0.060659 0.035066
5 0.446808 0.797110 0.057805 0.024806
5 0.314685 0.319207 0.055708 0.040033
5 0.935712 0.037777 0.061300 0.043834
5 0.642877 0.957545 0.067446 0.062947
5 0.385337 0.745336 0.064330 0.024248
5 0.572867 0.974886 0.067547 0.050113
5 0.757112 0.438307 0.064318 0.062511
5 0.623109 0.316702 0.064181 0.037399
5 0.692271 0.450602 0.066527 0.082801
5 0.634226 0.694808 0.062009 0.021290
5 0.192733 0.138077 0.061555 0.042801
5 0.365517 0.901149 0.070012 0.077288
5 0.873464 0.087168 0.061659 0.039749
5 0.874556 0.135747 0.060314 0.033135
5 0.697578 0.743006 0.060136 0.016516
5 0.316065 0.140180 0.062160 0.035167
5 0.020155 0.757204 0.040310 0.047819
5 0.812250 0.263089 0.064468 0.039818
5 0.572100 0.588455 0.060959 0.037061
5 0.889097 0.745562 0.061231 0.020889
5 0.502282 0.964893 0.066272 0.068122
5 0.890034 0.811980 0.065653 0.056600
5 0.258684 0.591356 0.063609 0.034958
5 0.708867 0.928867 0.063535 0.021684
5 0.018911 0.260035 0.037822 0.040833
5 0.922519 0.985006 0.069743 0.029671
5 0.322122 0.693444 0.059322 0.015877
5 0.259413 0.762388 0.062179 0.053231
5 0.750626 0.315033 0.058736 0.038697
5 0.889399 0.694670 0.060290 0.016747
5 0.385211 0.765394 0.065747 0.061276
5 0.776926 0.988873 0.066073 0.022254
5 0.822557 0.491105 0.062786 0.033545
5 0.031518 0.950959 0.063036 0.057100
5 0.634858 0.793684 0.060893 0.021481
5 0.937549 0.134825 0.061197 0.033669
5 0.777791 0.904271 0.068775 0.078815
5 0.134489 0.216972 0.060872 0.054092
5 0.708925 0.967214 0.063784 0.064599
5 0.622771 0.267883 0.063348 0.038174
5 0.229093 0.899480 0.064702 0.064902
5 0.873336 0.039432 0.060601 0.041091
5 0.876177 0.208162 0.064452 0.059742
5 0.322041 0.809848 0.062723 0.054455
5 0.692995 0.491974 0.063001 0.033977
5 0.445159 0.821540 0.059288 0.039069
5 0.761810 0.744948 0.061723 0.021569
5 0.259151 0.768021 0.059766 0.037034
5 0.260697 0.798618 0.061180 0.033913
5 0.825884 0.744163 0.064366 0.019656
5 0.953922 0.566057 0.064076 0.019310
5 0.447004 0.745612 0.059422 0.021838
5 0.746780 0.138322 0.063650 0.031749
5 0.624173 0.210871 0.066213 0.055950
5 0.811126 0.134986 0.064348 0.037612
5 0.687060 0.264782 0.061700 0.038943
5 0.982891 0.901815 0.034217 0.059613
5 0.572285 0.744269 0.060468 0.021082
5 0.078647 0.813794 0.049078 0.037366
5 0.634502 0.711731 0.060863 0.052073
5 0.697132 0.694511 0.059242 0.018316
5 0.761842 0.694641 0.063416 0.020189
5 0.749376 0.210291 0.062928 0.056554
5 0.195703 0.693463 0.057652 0.017700
5 0.162516 0.900788 0.071049 0.072576
5 0.501859 0.896565 0.069270 0.084011
5 0.761868 0.815734 0.062567 0.043665
5 0.498348 0.140758 0.060711 0.033572
5 0.073612 0.691585 0.059938 0.016960
5 0.131484 0.098137 0.062178 0.041254
5 0.324188 0.565223 0.061081 0.015175
5 0.986443 0.258770 0.027114 0.045795
5 0.295631 0.963914 0.066077 0.072151
5 0.135470 0.691265 0.059838 0.017282
5 0.889249 0.798445 0.064211 0.030301
5 0.827052 0.694776 0.061603 0.018901
5 0.197201 0.517570 0.061950 0.015952
5 0.093499 0.891209 0.065364 0.062250
5 0.315073 0.096292 0.062489 0.048488
5 0.376523 0.097879 0.059952 0.040348
5 0.093837 0.970155 0.061886 0.059404
5 0.813464 0.211145 0.063712 0.064059
5 0.573167 0.928036 0.062846 0.019891
5 0.384254 0.693299 0.063132 0.018133
5 0.572519 0.934371 0.063886 0.032697
5 0.937213 0.127252 0.062159 0.048874