5 0.134788 0.234482 0.055621 0.124325
0 0.194362 0.208236 0.097717 0.169368
0 0.302802 0.174099 0.076171 0.173921
0 0.356249 0.152830 0.080417 0.174255
0 0.420513 0.137930 0.082300 0.172387
0 0.481651 0.122600 0.080161 0.176553
0 0.539836 0.105951 0.078820 0.178564
0 0.652442 0.081350 0.101865 0.162700
0 0.725020 0.069030 0.080738 0.138061
0 0.790309 0.058840 0.081980 0.117681
0 0.046391 0.453394 0.080578 0.157737
0 0.109682 0.442109 0.083769 0.162524
0 0.167309 0.423091 0.082397 0.159796
0 0.221218 0.403378 0.079460 0.166116
0 0.278814 0.379334 0.078916 0.179378
0 0.336728 0.362757 0.074479 0.177416
0 0.397354 0.359729 0.079238 0.146343
0 0.460518 0.342604 0.084281 0.157928
0 0.523108 0.320594 0.080067 0.162334
0 0.580289 0.295400 0.076140 0.169181
0 0.645655 0.282727 0.090057 0.157879
0 0.711277 0.267469 0.083482 0.160083
0 0.771887 0.254795 0.080546 0.152998
0 0.835499 0.236711 0.086610 0.155390
0 0.901360 0.223487 0.079557 0.153524
0 0.911427 0.420973 0.090981 0.174683
0 0.838655 0.437283 0.075787 0.184071
0 0.776448 0.462548 0.081980 0.178612
0 0.718837 0.484079 0.078660 0.181676
0 0.654317 0.501565 0.083225 0.175787
0 0.595892 0.516178 0.085173 0.169993
0 0.532616 0.529977 0.079140 0.172341
0 0.459876 0.551314 0.109078 0.181047
0 0.379126 0.573510 0.085013 0.173105
0 0.315563 0.584867 0.078406 0.170569
0 0.256531 0.610971 0.076077 0.159701
0 0.193830 0.622519 0.079044 0.171526
0 0.103230 0.844113 0.071386 0.146632
0 0.162501 0.827178 0.079747 0.168557
0 0.224643 0.806125 0.082107 0.184165