1 0.074105 0.235124 0.034160 0.126446
1 0.110468 0.235950 0.047383 0.134711
1 0.166942 0.239669 0.044628 0.125620
1 0.199449 0.242149 0.043526 0.120661
1 0.277686 0.240909 0.039118 0.114876
1 0.309917 0.245868 0.035262 0.116529
1 0.344904 0.240083 0.038017 0.124793
1 0.372176 0.240496 0.037466 0.114050
1 0.400551 0.246281 0.033609 0.115702
1 0.427548 0.245868 0.040220 0.121488
1 0.461433 0.244628 0.028650 0.120661
1 0.490909 0.248760 0.030303 0.123967
1 0.519008 0.245455 0.029201 0.127273
1 0.546556 0.247934 0.030303 0.123967
1 0.580165 0.247521 0.033609 0.126446
1 0.611295 0.247521 0.030854 0.124793
1 0.639394 0.246281 0.027548 0.123967
1 0.694766 0.250413 0.032507 0.127273
1 0.728926 0.244628 0.030303 0.128926
1 0.754821 0.250413 0.032507 0.122314
1 0.808264 0.254132 0.043526 0.108264
1 0.947107 0.240496 0.032507 0.133884
1 0.888154 0.249587 0.026997 0.132231
1 0.067218 0.404545 0.040220 0.133058
1 0.111019 0.405785 0.052893 0.137190
1 0.155372 0.409091 0.051240 0.127273
1 0.193939 0.415702 0.060055 0.132231
1 0.263085 0.410744 0.063912 0.117355
1 0.304408 0.416529 0.046281 0.137190
1 0.346832 0.409917 0.046281 0.127273
1 0.384573 0.411983 0.049036 0.138017
1 0.426722 0.412397 0.041873 0.135537
1 0.467218 0.413223 0.047934 0.133884
1 0.505510 0.414050 0.042975 0.135537
1 0.541873 0.424380 0.031956 0.126446
1 0.569697 0.419835 0.029201 0.127273
1 0.599174 0.421074 0.029752 0.123140
1 0.626997 0.423140 0.029201 0.127273
1 0.654545 0.417769 0.026997 0.119835
1 0.685124 0.421488 0.038567 0.123967
1 0.717355 0.421074 0.032507 0.121488
1 0.799725 0.428512 0.022039 0.088430
1 0.831956 0.428512 0.034711 0.104959
1 0.876584 0.431405 0.039118 0.110744
1 0.943802 0.419835 0.038017 0.115702
1 0.065014 0.610331 0.047934 0.128099
1 0.119559 0.610331 0.046832 0.128099
1 0.160606 0.612810 0.042975 0.100000
1 0.201928 0.610331 0.050689 0.134711
1 0.240496 0.613636 0.046281 0.128099
1 0.308540 0.614050 0.053444 0.125620
1 0.397521 0.616942 0.036364 0.128099
1 0.426446 0.623554 0.042424 0.146281
1 0.458953 0.617355 0.029201 0.148760
1 0.483471 0.610331 0.033058 0.141322
1 0.512672 0.614050 0.023140 0.133884
1 0.568320 0.624793 0.034160 0.128926
1 0.601377 0.621074 0.026446 0.134711
1 0.629201 0.621901 0.025895 0.129752
1 0.657851 0.622314 0.034711 0.133884
1 0.683471 0.616116 0.034160 0.139669
1 0.717906 0.621488 0.036915 0.128926
1 0.748760 0.619008 0.034711 0.130579
1 0.785675 0.622314 0.029201 0.143802
1 0.810468 0.630579 0.030303 0.128926
1 0.839394 0.627686 0.028650 0.138017
1 0.869146 0.626446 0.034160 0.125620
1 0.900826 0.621074 0.026997 0.123140
1 0.123140 0.778099 0.027548 0.142975
1 0.155923 0.777273 0.046832 0.126446
1 0.190634 0.772727 0.044628 0.133884
1 0.219559 0.774793 0.040771 0.116529
1 0.247107 0.786364 0.029752 0.126446
1 0.279063 0.786364 0.038567 0.114876
1 0.476584 0.789256 0.028099 0.132231
1 0.451791 0.790496 0.026997 0.134711
1 0.506336 0.791736 0.031405 0.140496
1 0.538567 0.790083 0.034160 0.135537
1 0.590358 0.777686 0.036364 0.119008
1 0.642149 0.776860 0.031956 0.127273
1 0.670523 0.782231 0.030303 0.124793
1 0.698898 0.777273 0.028650 0.136364
1 0.728099 0.777686 0.031956 0.133884
1 0.775482 0.789256 0.034160 0.130579
1 0.921212 0.788843 0.034711 0.142975
1 0.955372 0.788430 0.024793 0.137190
1 0.848209 0.779339 0.027548 0.128926
1 0.367218 0.773554 0.029752 0.128926