1 0.134320 0.078805 0.054814 0.135399
1 0.169302 0.093720 0.069012 0.148516
1 0.223210 0.119237 0.064783 0.138665
1 0.254181 0.134253 0.062862 0.133448
1 0.329966 0.163429 0.057606 0.126148
1 0.360243 0.180732 0.054167 0.126248
1 0.395036 0.188727 0.058254 0.135300
1 0.421308 0.199713 0.055868 0.124709
1 0.447718 0.216317 0.052428 0.124808
1 0.473866 0.226399 0.059812 0.132963
1 0.506811 0.238357 0.048493 0.127672
1 0.534569 0.253791 0.050660 0.131507
1 0.562281 0.261508 0.050166 0.134273
1 0.588463 0.274597 0.050660 0.131507
1 0.620998 0.287246 0.054282 0.135185
1 0.651067 0.299332 0.051335 0.132519
1 0.678422 0.309043 0.047999 0.130438
1 0.731195 0.334531 0.053360 0.135556
1 0.765189 0.342205 0.051516 0.136297
1 0.789203 0.357846 0.052504 0.130766
1 0.840184 0.382187 0.060723 0.121473
1 0.974699 0.422918 0.050602 0.141942
1 0.918136 0.408812 0.048893 0.138206
1 0.098435 0.239779 0.061808 0.144139
1 0.140530 0.257982 0.074762 0.153050
1 0.182801 0.278394 0.071454 0.142829
1 0.218913 0.299753 0.080825 0.151040
1 0.286558 0.321808 0.081983 0.138169
1 0.325475 0.343439 0.068376 0.150483
1 0.367595 0.353522 0.066664 0.140904
1 0.403693 0.370170 0.071179 0.152351
1 0.444334 0.386933 0.063833 0.147175
1 0.483308 0.403453 0.069402 0.147931
1 0.520153 0.419118 0.064897 0.147603
1 0.553494 0.443213 0.052685 0.134544
1 0.581154 0.449625 0.050166 0.134273
1 0.609413 0.462266 0.049986 0.130495
1 0.635932 0.475063 0.050166 0.134273
1 0.663468 0.480570 0.046754 0.126233
1 0.692363 0.496034 0.058643 0.134716
1 0.723567 0.508147 0.052362 0.129969
1 0.801847 0.547310 0.036546 0.093973
1 0.832980 0.559823 0.051639 0.114858
1 0.875588 0.579943 0.056894 0.122157
1 0.942512 0.594863 0.056685 0.126519
1 0.060799 0.437698 0.068404 0.142343
1 0.113485 0.458873 0.067339 0.141916
1 0.152706 0.477204 0.058765 0.113277
1 0.193047 0.490852 0.072206 0.149800
1 0.229731 0.509017 0.066807 0.141702
1 0.295385 0.535834 0.073298 0.142088
1 0.380835 0.573172 0.057228 0.137852
1 0.407634 0.590788 0.066219 0.157767
1 0.440103 0.597421 0.053874 0.155028
1 0.464997 0.600155 0.056316 0.149341
1 0.492561 0.615083 0.045453 0.138306
1 0.544460 0.647065 0.055242 0.137795
1 0.577032 0.656306 0.048789 0.140388
1 0.603765 0.667907 0.047401 0.135384
1 0.631368 0.679429 0.056629 0.142798
1 0.657184 0.683388 0.057095 0.148172
1 0.689519 0.701946 0.057903 0.138864
1 0.719749 0.711529 0.056059 0.139605
1 0.754836 0.729053 0.053018 0.150239
1 0.777358 0.746662 0.051516 0.136297
1 0.805798 0.755098 0.051488 0.144437
1 0.834750 0.765450 0.054671 0.134601
1 0.866277 0.772561 0.047324 0.129425
1 0.087996 0.622315 0.051279 0.148798
1 0.119805 0.634245 0.067054 0.140319
1 0.154117 0.643329 0.066208 0.146648
1 0.181700 0.656554 0.059488 0.128387
1 0.206313 0.678426 0.050556 0.133688
1 0.237180 0.690832 0.057074 0.125934
1 0.427472 0.770309 0.049957 0.138634
1 0.403310 0.761881 0.049321 0.140602
1 0.455782 0.784255 0.054577 0.147901
1 0.487200 0.795171 0.056382 0.144181
1 0.539365 0.803304 0.055659 0.129070
1 0.589534 0.822613 0.052828 0.135343
1 0.616015 0.838816 0.050803 0.132305
1 0.644278 0.845043 0.051203 0.142840
1 0.672413 0.856779 0.053968 0.141728
1 0.716185 0.886350 0.055527 0.139391
1 0.857021 0.933369 0.058198 0.133262
1 0.890088 0.942160 0.047620 0.115680
1 0.788145 0.905005 0.048855 0.135228
1 0.324542 0.712683 0.050984 0.136084