5 0.947904 0.801774 0.061084 0.086605
5 0.901558 0.820961 0.055885 0.083549
5 0.859570 0.837006 0.050398 0.080875
5 0.924263 0.603726 0.050400 0.064883
5 0.985150 0.674074 0.029701 0.061331
5 0.916562 0.704745 0.049109 0.063805
5 0.954295 0.550147 0.051288 0.061908
5 0.912869 0.683661 0.057551 0.104342
5 0.693385 0.852339 0.056789 0.113804
5 0.982123 0.786078 0.030900 0.065625
5 0.908869 0.660894 0.049262 0.059959
5 0.950464 0.667314 0.051412 0.099411
5 0.664332 0.658177 0.054095 0.097550
5 0.810597 0.806118 0.056604 0.108968
5 0.732171 0.835029 0.056269 0.112416
5 0.954317 0.686322 0.043578 0.060290
5 0.622836 0.301389 0.042733 0.058633
5 0.946195 0.644805 0.042290 0.054516
5 0.983517 0.784259 0.032965 0.079996
5 0.707414 0.640459 0.053621 0.094898
5 0.658261 0.288042 0.042770 0.061311
5 0.845792 0.185192 0.061027 0.079392
5 0.345066 0.409527 0.042192 0.060146
5 0.770517 0.817815 0.055725 0.115325
5 0.874876 0.719060 0.050983 0.063720
5 0.072681 0.305385 0.048381 0.070200
5 0.616075 0.887102 0.054074 0.107842
5 0.981006 0.635135 0.037987 0.057902
5 0.617038 0.672711 0.063502 0.105203
5 0.928506 0.089889 0.041050 0.075839
5 0.436516 0.029532 0.043026 0.054102
5 0.835519 0.125420 0.061560 0.082278
5 0.653651 0.866709 0.056338 0.113049
5 0.271324 0.422862 0.046168 0.083583
5 0.695078 0.267855 0.045882 0.067694
5 0.972877 0.588047 0.054246 0.068608
5 0.792462 0.467906 0.063444 0.070823
5 0.994594 0.778430 0.010812 0.070038
5 0.054103 0.181250 0.051421 0.054716
5 0.475980 0.020763 0.043222 0.041525
5 0.493496 0.928266 0.061421 0.131526
5 0.515469 0.328774 0.046340 0.085203
5 0.550264 0.313341 0.047708 0.086489
5 0.145640 0.148507 0.047880 0.051886
5 0.848037 0.446500 0.063496 0.071026
5 0.530016 0.710232 0.052647 0.096867
5 0.903717 0.424247 0.064647 0.070202
5 0.306330 0.409379 0.048578 0.090046
5 0.684725 0.215958 0.047015 0.067331
5 0.832123 0.736225 0.048282 0.059998
5 0.571702 0.889350 0.058807 0.137419
5 0.511545 0.013160 0.046215 0.026320
5 0.314503 0.078539 0.043001 0.053960
5 0.744621 0.625807 0.046542 0.091378
5 0.572985 0.693479 0.054361 0.099649
5 0.095496 0.165455 0.044588 0.052102
5 0.273868 0.093933 0.042255 0.052730
5 0.911855 0.471372 0.063378 0.065803
5 0.740683 0.228930 0.066019 0.086433
5 0.035549 0.347817 0.059475 0.120252
5 0.533097 0.905516 0.061640 0.139510
5 0.369113 0.343668 0.044176 0.072407
5 0.828375 0.720199 0.056341 0.094125
5 0.343571 0.243880 0.071143 0.088291
5 0.611858 0.863284 0.044784 0.059327
5 0.745693 0.533978 0.057992 0.064104
5 0.236743 0.439759 0.050075 0.089607
5 0.038469 0.636137 0.055930 0.053364
5 0.888147 0.106895 0.062701 0.084600
5 0.799101 0.516646 0.065141 0.069320
5 0.438784 0.320142 0.040580 0.061481
5 0.981866 0.644350 0.036268 0.060287
5 0.266492 0.825610 0.056042 0.082743
5 0.585459 0.302969 0.044524 0.081658
5 0.876047 0.724678 0.045358 0.050566
5 0.757666 0.620211 0.040918 0.089337
5 0.233373 0.111137 0.047238 0.056403
5 0.189551 0.131789 0.051118 0.050659
5 0.695535 0.276984 0.044651 0.057186
5 0.899194 0.166427 0.063648 0.077189
5 0.782880 0.144059 0.063051 0.084427
5 0.868124 0.683495 0.048449 0.054695
5 0.709061 0.385254 0.029400 0.043247
5 0.408785 0.356361 0.052774 0.112799
5 0.238690 0.453453 0.044424 0.061707
5 0.336081 0.362830 0.041893 0.063263
5 0.031217 0.320420 0.049318 0.066416
5 0.473827 0.305679 0.040920 0.058687
5 0.379601 0.950679 0.070156 0.098641
5 0.944215 0.637896 0.042472 0.054587
5 0.987795 0.807208 0.024409 0.036083
5 0.419190 0.940869 0.053964 0.106097
5 0.011794 0.363060 0.023587 0.126416
5 0.839099 0.734555 0.033537 0.051536
5 0.095914 0.994146 0.047374 0.011708
5 0.478751 0.331817 0.050884 0.111354
5 0.941040 0.148525 0.035705 0.066063
5 0.180928 0.972631 0.063762 0.054738
5 0.081764 0.918930 0.048924 0.053751
5 0.405681 0.339392 0.045156 0.077141
5 0.069993 0.825840 0.046672 0.048920
5 0.030677 0.638781 0.039015 0.044238
5 0.756015 0.025915 0.048958 0.051829
5 0.268717 0.771837 0.029767 0.042246
5 0.109558 0.278758 0.038404 0.046857
5 0.122966 0.349663 0.035098 0.038730
5 0.475766 0.316373 0.045919 0.080958
5 0.751410 0.623821 0.053205 0.094227
5 0.852176 0.600933 0.049562 0.061912
5 0.396999 0.740191 0.066536 0.144668
5 0.188397 0.125196 0.052073 0.051058
5 0.442862 0.344806 0.049619 0.114528
5 0.699566 0.286733 0.038390 0.036071
5 0.191093 0.471110 0.065814 0.067447
5 0.602167 0.832367 0.044869 0.064272
5 0.334075 0.354783 0.040117 0.054960
5 0.865881 0.491758 0.043215 0.053474
5 0.190979 0.138598 0.054732 0.068156
5 0.078037 0.328196 0.059991 0.119174
5 0.377644 0.393292 0.041737 0.060661
5 0.856063 0.495821 0.062072 0.061038
5 0.244691 0.781723 0.026584 0.042161
5 0.551593 0.006003 0.045918 0.012006
5 0.232636 0.420136 0.041692 0.049271
5 0.738221 0.626225 0.033024 0.086240
5 0.691394 0.250537 0.046863 0.065216
5 0.809355 0.615997 0.048303 0.059684
5 0.795356 0.205376 0.060102 0.079660
5 0.959043 0.402343 0.063663 0.065693
5 0.514774 0.013390 0.039664 0.026780
5 0.568149 0.872033 0.052181 0.108817
5 0.824167 0.698697 0.047753 0.051049
5 0.963978 0.448103 0.055013 0.057850
5 0.975044 0.606314 0.049913 0.092944
2 0.396274 0.741595 0.066947 0.143752
5 0.907645 0.022310 0.048854 0.044620
5 0.620318 0.908496 0.044190 0.065399
5 0.575301 0.905866 0.052157 0.101537
5 0.847739 0.193430 0.056453 0.062009
5 0.851119 0.466267 0.071328 0.111479
5 0.822863 0.871891 0.049636 0.044839
5 0.860264 0.642772 0.046359 0.054560
5 0.407650 0.218233 0.073013 0.085859
5 0.391429 0.048839 0.038778 0.047424
5 0.949780 0.276466 0.062309 0.077995
5 0.830465 0.330845 0.072462 0.078469
5 0.192147 0.147694 0.054873 0.077761
5 0.440426 0.723556 0.066627 0.144423
5 0.355261 0.060624 0.040049 0.050521
5 0.411035 0.038955 0.021381 0.044663
5 0.721721 0.419460 0.058181 0.059516
5 0.229665 0.960581 0.058249 0.070885
5 0.268793 0.406864 0.038753 0.049365