3 0.171333 0.308086 0.181170 0.158669
3 0.314997 0.283921 0.165337 0.150300
3 0.439234 0.251681 0.177977 0.158027
3 0.571464 0.224253 0.181170 0.158669
3 0.693259 0.196354 0.168892 0.154719
3 0.806066 0.184807 0.141406 0.135858
3 0.737183 0.047995 0.214889 0.095989
3 0.576347 0.058100 0.197059 0.116199
3 0.427476 0.072802 0.176627 0.145603
3 0.299827 0.096170 0.174081 0.160949
3 0.163691 0.122246 0.181246 0.161647
3 0.060814 0.150016 0.121627 0.163287
3 0.098007 0.506776 0.180258 0.164413
3 0.230160 0.475940 0.181323 0.164627
3 0.360301 0.450643 0.174937 0.163344
3 0.486353 0.421888 0.178129 0.163985
3 0.615143 0.396007 0.180258 0.164413
3 0.742309 0.375156 0.180544 0.165212
3 0.876592 0.343893 0.196092 0.172781
3 0.172668 0.677437 0.189761 0.163359
3 0.301163 0.644341 0.183243 0.167236
3 0.427900 0.622295 0.170053 0.169031
3 0.558676 0.595586 0.177295 0.172710
3 0.689415 0.567174 0.182901 0.174577
3 0.820657 0.543365 0.180696 0.171170
3 0.930718 0.517541 0.138564 0.171368
3 0.865477 0.718312 0.187995 0.166709
3 0.958118 0.687107 0.083764 0.151781
9 0.604236 0.833271 0.404812 0.115437