1 0.417934 0.778283 0.076332 0.102487
1 0.187232 0.796738 0.077705 0.078231
1 0.345537 0.774369 0.076711 0.099977
1 0.757252 0.455212 0.046271 0.046626
1 0.623192 0.792463 0.055721 0.066033
1 0.757123 0.401817 0.051255 0.050098
1 0.555843 0.779168 0.077283 0.095697
1 0.806830 0.452456 0.044683 0.050594
1 0.016886 0.050962 0.033762 0.101924
1 0.274199 0.260181 0.084731 0.079498
1 0.356207 0.263081 0.071792 0.074470
1 0.578266 0.980506 0.055649 0.038865
1 0.169154 0.912056 0.086591 0.081105
1 0.027563 0.443803 0.054970 0.067164
1 0.673589 0.729047 0.053784 0.058400
1 0.256769 0.897672 0.093100 0.056942
1 0.922266 0.366488 0.085120 0.042803
1 0.104583 0.047983 0.112796 0.095733
1 0.685557 0.350513 0.040712 0.031437
1 0.123906 0.972823 0.097214 0.054354
1 0.170835 0.723943 0.073894 0.074371
1 0.039427 0.362876 0.078854 0.056232
1 0.488273 0.777553 0.061959 0.102161
1 0.265181 0.791714 0.076952 0.081956
1 0.785632 0.357984 0.052823 0.041199
1 0.987214 0.453446 0.025572 0.049012
1 0.487618 0.756786 0.059386 0.060508
1 0.726357 0.371612 0.046966 0.030336
1 0.931817 0.458307 0.065720 0.040563
1 0.504958 0.424074 0.093291 0.108333
1 0.954862 0.061292 0.064392 0.053073
1 0.428655 0.267434 0.070748 0.063079
1 0.218036 0.966264 0.099903 0.067405
1 0.205743 0.595875 0.045828 0.059641
1 0.678210 0.790219 0.050124 0.060267
1 0.571470 0.068113 0.106349 0.065017
1 0.987421 0.281876 0.024892 0.033971
1 0.586389 0.352043 0.079289 0.029932
5 0.700864 0.389388 0.044883 0.043512
1 0.759185 0.054770 0.103494 0.097177
1 0.894319 0.266654 0.068868 0.066074
1 0.622680 0.782159 0.060822 0.085927
1 0.785332 0.372712 0.051632 0.032767
1 0.705871 0.425478 0.051556 0.027188
1 0.653124 0.391269 0.046792 0.043832
1 0.059439 0.237570 0.080653 0.027497
1 0.870320 0.220023 0.047693 0.029184
1 0.924113 0.429281 0.097829 0.095015