5 0.755710 0.413216 0.039227 0.043494
5 0.806541 0.332451 0.045549 0.045657
5 0.759387 0.328623 0.041266 0.049761
5 0.192703 0.604594 0.050473 0.033554
5 0.788558 0.413940 0.029416 0.043951
5 0.844943 0.413500 0.030176 0.043773
5 0.901144 0.409969 0.032842 0.053527
5 0.696867 0.329219 0.039170 0.050087
5 0.815886 0.414444 0.026536 0.042650
5 0.856215 0.332440 0.033268 0.042975
5 0.870972 0.413556 0.031898 0.044151
0 0.298222 0.403596 0.037742 0.064915
5 0.861034 0.333273 0.026751 0.043004
0 0.332265 0.403578 0.034375 0.065511
5 0.844426 0.332550 0.036230 0.043474
5 0.609246 0.403051 0.030996 0.066645
5 0.677746 0.329459 0.027037 0.051289
5 0.837196 0.331735 0.024647 0.044672
5 0.361738 0.468470 0.031619 0.017640
5 0.145784 0.603982 0.042798 0.030245
5 0.138425 0.505626 0.032642 0.036512
5 0.670025 0.405156 0.031403 0.063197
0 0.086102 0.403778 0.027742 0.062967
0 0.113845 0.404172 0.025381 0.062967
0 0.147785 0.403384 0.034235 0.059032
0 0.177003 0.402794 0.030104 0.058638
0 0.206516 0.400039 0.027742 0.066509
0 0.236029 0.401614 0.034826 0.067296
0 0.394220 0.402401 0.030104 0.070445
0 0.453247 0.401614 0.025381 0.065722
0 0.550936 0.400630 0.027152 0.068477
0 0.519356 0.402204 0.024201 0.066903
0 0.330472 0.496458 0.026562 0.057851
0 0.555363 0.584416 0.032465 0.066903
0 0.586351 0.584219 0.028333 0.071232
0 0.639475 0.587564 0.034235 0.068477
0 0.667513 0.587761 0.027742 0.065722
0 0.697912 0.586974 0.031874 0.061787
0 0.757528 0.588351 0.034235 0.060606
0 0.791764 0.588154 0.028333 0.059425
0 0.817440 0.589925 0.024201 0.059032
0 0.852561 0.586974 0.027152 0.065722
0 0.882960 0.587761 0.028923 0.064935
0 0.317486 0.581464 0.031284 0.077529
0 0.239571 0.580874 0.040728 0.077922
0 0.078724 0.698150 0.041319 0.085006
0 0.117681 0.700905 0.035416 0.081070
0 0.168444 0.700118 0.044860 0.085006
0 0.232488 0.700315 0.044270 0.079103
0 0.346999 0.698544 0.036006 0.087367
0 0.306271 0.704841 0.034826 0.084219
0 0.384186 0.707792 0.037187 0.075167
0 0.421077 0.706808 0.042499 0.074774
0 0.461510 0.697363 0.050173 0.091303
0 0.505780 0.695002 0.039548 0.088154
0 0.553297 0.696183 0.041319 0.092090
0 0.590778 0.696970 0.041909 0.092877
0 0.632982 0.698937 0.047221 0.087367
0 0.677843 0.698347 0.041319 0.089335
0 0.792059 0.699331 0.039548 0.088154
0 0.833082 0.696970 0.044860 0.096812
0 0.908341 0.698150 0.037187 0.085006