1 0.737389 0.440091 0.040834 0.060342
1 0.755561 0.444048 0.039273 0.059803
1 0.988572 0.430986 0.022856 0.058163
1 0.267805 0.352064 0.033166 0.028946
1 0.810060 0.383733 0.059063 0.067704
1 0.847340 0.389891 0.057689 0.069527
1 0.837281 0.315008 0.049900 0.069975
1 0.865556 0.319541 0.056277 0.077163
1 0.788983 0.317795 0.047186 0.038166
1 0.774163 0.358621 0.047237 0.040294
1 0.765728 0.389508 0.042057 0.038654
1 0.725006 0.381085 0.024479 0.037532
1 0.750572 0.352646 0.027698 0.031342
1 0.759360 0.309306 0.023855 0.033694
1 0.709342 0.572682 0.039625 0.033369
1 0.697794 0.602596 0.038581 0.034205
1 0.753015 0.611073 0.088487 0.052841
1 0.640678 0.590659 0.093705 0.048667