9 0.144526 0.228717 0.165045 0.096755
9 0.410654 0.133638 0.116784 0.075067
9 0.819718 0.547056 0.298141 0.280644
9 0.893943 0.769518 0.112774 0.209973
9 0.652116 0.848214 0.176132 0.245945
3 0.042667 0.365448 0.085333 0.204760
3 0.130066 0.333987 0.132293 0.179898
3 0.222648 0.301340 0.116289 0.174921
3 0.311663 0.254137 0.129761 0.200481
3 0.392223 0.239900 0.097001 0.159138
3 0.462251 0.213170 0.097044 0.162118
3 0.551431 0.149225 0.126952 0.222448
3 0.710214 0.120304 0.101321 0.169573
3 0.777302 0.090303 0.113788 0.180606
3 0.867023 0.075779 0.123305 0.151559
3 0.206384 0.531745 0.143265 0.217902
3 0.109398 0.572812 0.123453 0.196746
3 0.311310 0.506237 0.122052 0.192541
3 0.413552 0.470566 0.101739 0.188247
3 0.494067 0.428966 0.139717 0.219598
3 0.608100 0.386515 0.145703 0.221737
3 0.712314 0.346288 0.142186 0.215294
3 0.816870 0.309362 0.144463 0.218330
3 0.923037 0.265015 0.127232 0.224771
3 0.115305 0.814547 0.159764 0.236393
3 0.238298 0.767184 0.109468 0.176930
3 0.308776 0.752272 0.130681 0.202292
3 0.396097 0.707813 0.117991 0.199981
3 0.477222 0.678830 0.124428 0.212654
3 0.560326 0.651706 0.127058 0.209148
3 0.638773 0.618974 0.115584 0.188006
3 0.786773 0.807806 0.161399 0.236237
3 0.959849 0.735022 0.080303 0.227910
3 0.535489 0.893731 0.118472 0.202375
3 0.451018 0.917688 0.111479 0.164624
3 0.372605 0.926082 0.103715 0.147836
3 0.297747 0.944875 0.126083 0.110251