9 0.790702 0.115289 0.162397 0.042149
9 0.515186 0.115289 0.113430 0.037190
9 0.200310 0.655785 0.269628 0.194215
9 0.171798 0.896281 0.078719 0.189256
9 0.420661 0.888843 0.141322 0.204132
3 0.942872 0.202479 0.112190 0.171901
3 0.825103 0.211983 0.107231 0.147934
3 0.729339 0.212397 0.090496 0.148760
3 0.634194 0.197521 0.099793 0.171901
3 0.553616 0.211570 0.072521 0.138843
3 0.480785 0.209917 0.071901 0.142149
3 0.382231 0.178926 0.091736 0.197521
3 0.223244 0.205785 0.075000 0.148760
3 0.151963 0.196694 0.084917 0.163636
3 0.057748 0.190083 0.091116 0.181818
3 0.789773 0.429339 0.110950 0.185950
3 0.891426 0.435537 0.093595 0.170248
3 0.683471 0.440909 0.092975 0.166116
3 0.577789 0.441736 0.071281 0.169421
3 0.491942 0.429339 0.106612 0.189256
3 0.373554 0.427686 0.112810 0.189256
3 0.265083 0.424793 0.110331 0.183471
3 0.156921 0.425207 0.112190 0.185950
3 0.045764 0.419008 0.091528 0.200000
3 0.932645 0.671074 0.125207 0.200000
3 0.804649 0.667769 0.082438 0.153719
3 0.733678 0.677686 0.100413 0.173554
3 0.640702 0.664876 0.086777 0.176033
3 0.556715 0.664876 0.091116 0.187603
3 0.471178 0.667355 0.094835 0.182645
3 0.389050 0.662810 0.086777 0.163636
3 0.282748 0.896281 0.127066 0.199174
3 0.069525 0.897107 0.112190 0.195868
3 0.542149 0.892562 0.086777 0.178512
3 0.631095 0.900000 0.081198 0.170248
3 0.707955 0.878512 0.077479 0.148760
3 0.789773 0.900000 0.097314 0.165289