9 0.163611 0.188440 0.165419 0.079109
9 0.434941 0.124650 0.116550 0.062888
9 0.815426 0.584031 0.290826 0.253692
9 0.874826 0.814272 0.102171 0.204607
9 0.628775 0.864566 0.165760 0.233751
3 0.045772 0.309538 0.091545 0.195265
3 0.142326 0.291630 0.124868 0.170514
3 0.236689 0.269865 0.108495 0.167453
3 0.328451 0.233186 0.120665 0.192395
3 0.409635 0.228366 0.089502 0.153525
3 0.481144 0.209875 0.089322 0.156637
3 0.574164 0.156537 0.116067 0.215760
3 0.734234 0.146177 0.093234 0.163865
3 0.803248 0.120721 0.104938 0.180811
3 0.895171 0.096236 0.113411 0.192472
3 0.205427 0.497504 0.133482 0.208813
3 0.106125 0.527144 0.114346 0.189332
3 0.311621 0.484286 0.113197 0.185119
3 0.415805 0.460632 0.092263 0.183351
3 0.498733 0.428547 0.129640 0.211065
3 0.615107 0.399508 0.135744 0.212500
3 0.721553 0.371545 0.132549 0.206229
3 0.828126 0.346910 0.134703 0.209100
3 0.936787 0.315069 0.116185 0.218153
3 0.096208 0.768646 0.149352 0.225951
3 0.221829 0.735756 0.101205 0.170471
3 0.293013 0.729090 0.121491 0.194166
3 0.382908 0.694948 0.108385 0.193450
3 0.465619 0.675502 0.114164 0.205849
3 0.550180 0.658139 0.117181 0.201827
3 0.630468 0.634648 0.106770 0.181242
3 0.765562 0.839960 0.151075 0.225568
3 0.953828 0.791406 0.092345 0.218868
3 0.509617 0.896357 0.108707 0.195892
3 0.422991 0.915522 0.102137 0.168955
3 0.344500 0.919345 0.095676 0.161310
3 0.266724 0.934180 0.117362 0.131640