5 0.802294 0.910506 0.059329 0.084594
5 0.729272 0.901171 0.060888 0.075121
5 0.730695 0.967001 0.052809 0.064929
5 0.617935 0.969714 0.051559 0.059527
5 0.788049 0.974531 0.049692 0.049510
5 0.673312 0.963060 0.054985 0.073803
5 0.067052 0.474609 0.023452 0.051823
5 0.607166 0.898545 0.059238 0.073186
5 0.234783 0.885457 0.045444 0.058856
5 0.140601 0.903138 0.044391 0.098070
5 0.187572 0.902952 0.047331 0.094661
5 0.415838 0.747914 0.061809 0.124797
5 0.122919 0.474004 0.038029 0.052014
5 0.957284 0.131985 0.052370 0.154610
5 0.386351 0.893847 0.064046 0.066165
5 0.090698 0.473794 0.026578 0.051922
5 0.385519 0.964538 0.053732 0.070823
5 0.559108 0.969389 0.053919 0.061155
5 0.881073 0.908773 0.030140 0.060072
5 0.783937 0.471848 0.050706 0.061000
5 0.056524 0.745987 0.060592 0.086982
5 0.196957 0.172880 0.052903 0.119068
5 0.790588 0.198220 0.041243 0.058109
0 0.248657 0.140909 0.052686 0.176033
0 0.055579 0.143388 0.057025 0.177686
0 0.301343 0.139669 0.050207 0.173554
0 0.348140 0.140496 0.044628 0.180165
0 0.394628 0.142975 0.048347 0.171901
0 0.446384 0.139669 0.052686 0.186777
0 0.496591 0.143388 0.051446 0.184298
0 0.550207 0.138843 0.050826 0.185124
0 0.597624 0.130992 0.045248 0.190909
0 0.650310 0.136777 0.050207 0.187603
0 0.696178 0.135950 0.050207 0.187603
0 0.753202 0.127273 0.050207 0.185124
0 0.860124 0.440083 0.023554 0.113223
0 0.886777 0.440083 0.027273 0.123140
0 0.912500 0.444215 0.030372 0.124793
0 0.950310 0.438430 0.031612 0.126446
0 0.978202 0.431405 0.022934 0.138843
0 0.809607 0.698347 0.032851 0.175207
0 0.854545 0.736777 0.042149 0.116529
0 0.885227 0.735124 0.026653 0.131405
0 0.911570 0.738017 0.032231 0.127273
0 0.946591 0.735537 0.024174 0.123967
0 0.674174 0.687190 0.019835 0.081818
0 0.712913 0.693388 0.042769 0.092562
0 0.756302 0.714876 0.031612 0.115702
0 0.548657 0.742149 0.077479 0.105785
0 0.635744 0.733471 0.091736 0.119835
0 0.272521 0.739256 0.071901 0.086777
0 0.354339 0.728099 0.049587 0.104132
0 0.186364 0.735537 0.080579 0.100826
0 0.115702 0.727273 0.045868 0.102479
0 0.274690 0.471488 0.060124 0.055372
0 0.335744 0.411157 0.049587 0.058678
0 0.335124 0.472314 0.053306 0.050413
0 0.386570 0.415702 0.052066 0.061157
0 0.440186 0.416116 0.058884 0.061983
0 0.384401 0.473554 0.048967 0.056198
0 0.434298 0.472727 0.060744 0.062810
0 0.486674 0.476033 0.048967 0.057851
0 0.534401 0.474380 0.052686 0.056198
0 0.585537 0.476033 0.049587 0.059504
0 0.633574 0.473140 0.050207 0.061983
0 0.680682 0.472727 0.055165 0.059504