2 0.143252 0.455478 0.172161 0.187473
2 0.271573 0.383538 0.176582 0.256480
2 0.409257 0.356593 0.172943 0.210722
2 0.535333 0.297434 0.149327 0.214881
2 0.634256 0.278776 0.135628 0.163305
2 0.724433 0.258110 0.144577 0.174654
2 0.809241 0.217115 0.125665 0.174566
2 0.901898 0.202408 0.122702 0.165356
2 0.218486 0.758006 0.184701 0.313472
2 0.329757 0.728948 0.108967 0.193793
2 0.402623 0.682808 0.098969 0.171697
2 0.487741 0.654537 0.123997 0.182861
2 0.559912 0.612925 0.078034 0.144953
2 0.630967 0.596096 0.124757 0.183874
2 0.693783 0.563813 0.096711 0.149402
2 0.771681 0.541117 0.074090 0.150212
2 0.815674 0.512565 0.100968 0.176116
2 0.881938 0.473491 0.078472 0.144368
2 0.557937 0.899791 0.126138 0.200418
2 0.445112 0.934538 0.114696 0.130923
2 0.331544 0.959176 0.159823 0.081647
2 0.655076 0.832611 0.118034 0.202960
2 0.764598 0.790061 0.113714 0.192525
2 0.843601 0.753707 0.111844 0.197044
2 0.947652 0.658319 0.104696 0.224770