0 0.254948 0.460283 0.057343 0.129610
0 0.082807 0.459295 0.057968 0.129554
0 0.315207 0.459781 0.054914 0.129261
0 0.850939 0.459234 0.058170 0.130457
0 0.606767 0.460582 0.055563 0.131000
0 0.912422 0.459199 0.060877 0.131139
0 0.679692 0.787093 0.059660 0.129946
0 0.041598 0.118595 0.048485 0.131405
0 0.109366 0.124380 0.071625 0.128099
0 0.189256 0.124380 0.061708 0.136364
0 0.249862 0.125620 0.063912 0.127273
0 0.311019 0.126446 0.058402 0.127273
0 0.377686 0.124380 0.052893 0.124793
0 0.444353 0.125207 0.047383 0.121488
0 0.505510 0.121901 0.057300 0.133058
0 0.579339 0.122314 0.061708 0.132231
0 0.647658 0.121901 0.057300 0.131405
0 0.719835 0.123140 0.049587 0.130579
0 0.782094 0.119008 0.057300 0.135537
0 0.864738 0.120248 0.050689 0.128099
0 0.933058 0.120661 0.061708 0.127273
0 0.043802 0.296281 0.057300 0.126446
0 0.105510 0.297107 0.063912 0.133058
0 0.172176 0.300000 0.051791 0.127273
0 0.235537 0.294628 0.061708 0.121488
0 0.303306 0.297934 0.056198 0.129752
0 0.371625 0.296694 0.053994 0.135537
0 0.438292 0.295041 0.050689 0.127273
0 0.506061 0.299587 0.065014 0.133058
0 0.571625 0.295041 0.057300 0.132231
0 0.642149 0.294628 0.057300 0.133058
0 0.696143 0.294215 0.057300 0.135537
0 0.761708 0.294628 0.051791 0.128099
0 0.832231 0.295041 0.053994 0.137190
0 0.896143 0.294215 0.058402 0.133884
0 0.962810 0.295455 0.052893 0.126446
0 0.372727 0.458678 0.051791 0.125620
0 0.428926 0.460744 0.062810 0.128099
0 0.495592 0.460744 0.046281 0.129752
0 0.091185 0.623140 0.046281 0.130579
0 0.171625 0.623554 0.063912 0.126446
0 0.250413 0.621488 0.056198 0.122314
0 0.331405 0.623967 0.044077 0.122314
0 0.417906 0.626446 0.049587 0.128926
0 0.495041 0.627686 0.042975 0.119835
0 0.577686 0.622727 0.053994 0.123140
0 0.664738 0.624380 0.045179 0.124793
0 0.738017 0.628099 0.050689 0.119008
0 0.827824 0.619008 0.065014 0.125620
0 0.900551 0.621074 0.047383 0.124793
0 0.073554 0.786364 0.052893 0.113223
0 0.137466 0.779752 0.066116 0.129752
0 0.194215 0.783471 0.069421 0.128926
0 0.248760 0.782645 0.061708 0.125620
0 0.312121 0.792975 0.051791 0.109917
0 0.384848 0.783471 0.049587 0.117355
0 0.434986 0.782231 0.063912 0.121488
0 0.497245 0.785950 0.073829 0.120661
0 0.556749 0.785124 0.051791 0.123967
0 0.745730 0.787603 0.059504 0.140496
0 0.804132 0.787190 0.057300 0.136364
0 0.870799 0.785950 0.053994 0.133884