5 0.654659 0.167394 0.079607 0.144319
5 0.631733 0.777154 0.081137 0.168423
5 0.368612 0.842618 0.085656 0.171225
5 0.566046 0.796096 0.081416 0.169942
5 0.421782 0.717574 0.073875 0.100584
5 0.803794 0.291092 0.077985 0.131140
5 0.434646 0.827452 0.083053 0.171975
5 0.105893 0.425931 0.097525 0.190586
5 0.759588 0.740315 0.084795 0.171718
5 0.115311 0.897963 0.085793 0.171293
5 0.738979 0.306941 0.079307 0.129719
5 0.531657 0.348345 0.081369 0.143968
5 0.155897 0.722838 0.086231 0.185921
5 0.304246 0.844273 0.077687 0.175879
5 0.178073 0.884392 0.082483 0.181127
5 0.746250 0.594069 0.087620 0.181507
5 0.501736 0.812262 0.084621 0.168846
5 0.182122 0.434057 0.081789 0.138490
5 0.811645 0.575557 0.081147 0.180749
5 0.244548 0.875313 0.085967 0.173384
5 0.393828 0.382733 0.080626 0.139525
5 0.248573 0.395966 0.082628 0.178208
5 0.061548 0.901976 0.060836 0.165793
5 0.695244 0.756756 0.078858 0.167453
5 0.865164 0.281889 0.072702 0.127207
5 0.583263 0.157640 0.087180 0.190810
5 0.553789 0.645232 0.081312 0.180638
5 0.601205 0.315483 0.089335 0.180481
5 0.465650 0.365792 0.079102 0.135596
5 0.870763 0.559838 0.079470 0.169669
5 0.321574 0.376192 0.086822 0.181325
5 0.682792 0.608207 0.082225 0.175707
5 0.929498 0.544813 0.079130 0.167800
5 0.822227 0.724579 0.084075 0.171184
5 0.305042 0.219216 0.088285 0.191615
5 0.484865 0.657941 0.087607 0.188239
5 0.621081 0.668277 0.071039 0.093282
5 0.095747 0.750202 0.084696 0.165594
5 0.111525 0.862478 0.074055 0.093455
5 0.346370 0.660815 0.077066 0.121249
5 0.087037 0.265188 0.098220 0.197844
5 0.027081 0.282811 0.054163 0.186357
5 0.731927 0.232281 0.070134 0.072949
5 0.442138 0.183902 0.086314 0.190395
5 0.164035 0.281464 0.079415 0.147304
5 0.222383 0.711210 0.085486 0.201574
5 0.230516 0.238324 0.080831 0.186047
5 0.038412 0.446677 0.076824 0.186159
5 0.357332 0.747342 0.069819 0.068987
5 0.675042 0.320945 0.073151 0.131499
5 0.284360 0.695777 0.083776 0.192673
5 0.672156 0.299367 0.082172 0.174446
5 0.617758 0.627249 0.085920 0.191327
5 0.349611 0.685826 0.083837 0.169810
5 0.038116 0.753474 0.045986 0.134870
5 0.374207 0.204885 0.086545 0.192070
5 0.930770 0.277816 0.080195 0.100591
5 0.880255 0.709325 0.076105 0.155585
5 0.974358 0.532393 0.051283 0.168246
5 0.356683 0.736590 0.073152 0.090959
5 0.785755 0.119661 0.083877 0.177003
5 0.077713 0.638416 0.073304 0.099105
5 0.978599 0.665353 0.042802 0.179482
5 0.462002 0.342842 0.087527 0.182819
5 0.985676 0.707292 0.028647 0.089929
5 0.941219 0.707845 0.073606 0.121928
5 0.721509 0.129592 0.082029 0.182222
5 0.938544 0.686485 0.080773 0.165511
5 0.848474 0.107809 0.080766 0.178037
5 0.513366 0.176891 0.087787 0.180797
5 0.796346 0.216740 0.069829 0.066497
5 0.248664 0.416516 0.072030 0.137047
5 0.915748 0.088341 0.086798 0.175289
5 0.377770 0.226554 0.079501 0.140636
5 0.881926 0.729376 0.068490 0.112097
5 0.456759 0.287251 0.075073 0.073501
5 0.971489 0.269377 0.025382 0.070202
5 0.979260 0.569673 0.041481 0.087692
5 0.159806 0.750705 0.075386 0.122520
5 0.101105 0.377267 0.086646 0.093543
5 0.851472 0.134606 0.073807 0.127542
5 0.922972 0.190532 0.075806 0.068387
5 0.307663 0.871641 0.071751 0.128449
5 0.939291 0.656371 0.067800 0.100291
5 0.647532 0.090798 0.063290 0.070248
5 0.503157 0.825902 0.072770 0.113781