5 0.690814 0.212731 0.065650 0.129182
5 0.597647 0.807256 0.064284 0.154019
5 0.330945 0.803190 0.068674 0.155703
5 0.530765 0.808801 0.064389 0.155533
5 0.397783 0.693895 0.065030 0.084936
5 0.823363 0.373396 0.065573 0.115820
5 0.397731 0.805454 0.065854 0.157210
5 0.120455 0.324402 0.078728 0.172703
5 0.727824 0.804280 0.067711 0.156458
5 0.075085 0.791716 0.068810 0.155736
5 0.757698 0.372121 0.067134 0.113964
5 0.548732 0.358895 0.067539 0.128326
5 0.135328 0.629823 0.067466 0.170945
5 0.267365 0.788054 0.059749 0.162789
5 0.138465 0.794699 0.064129 0.166960
5 0.731619 0.656781 0.069466 0.165934
5 0.465560 0.807970 0.067883 0.153496
5 0.194585 0.352260 0.068654 0.122468
5 0.798164 0.655584 0.062775 0.166934
5 0.204981 0.803073 0.068734 0.157879
5 0.409016 0.356860 0.067308 0.123875
5 0.264436 0.332057 0.064641 0.163860
5 0.021674 0.781664 0.043332 0.156890
5 0.662554 0.803711 0.062015 0.153634
5 0.884866 0.380318 0.060521 0.113162
5 0.621632 0.184529 0.067859 0.175806
5 0.536159 0.657036 0.062962 0.166772
5 0.621028 0.344647 0.071390 0.164383
5 0.481708 0.358884 0.066195 0.120180
5 0.858203 0.655502 0.062383 0.155787
5 0.338617 0.331598 0.068652 0.165964
5 0.667488 0.654175 0.064526 0.161351
5 0.917785 0.656004 0.062257 0.153922
5 0.791333 0.805098 0.067022 0.156098
5 0.340509 0.172701 0.068918 0.176343
5 0.466811 0.651599 0.068623 0.172993
5 0.599761 0.697259 0.062958 0.078069
5 0.072924 0.641104 0.068362 0.150067
5 0.075464 0.755784 0.066097 0.077415
5 0.330087 0.618355 0.065829 0.105708
5 0.120494 0.161190 0.078562 0.180117
5 0.047224 0.159706 0.059739 0.173431
5 0.759396 0.296759 0.064514 0.057011
5 0.479610 0.173633 0.067002 0.175611
5 0.194438 0.197274 0.065081 0.132363
5 0.202150 0.635690 0.064757 0.187556
5 0.264903 0.172106 0.061792 0.172574
5 0.046955 0.326028 0.067460 0.171188
5 0.330866 0.706423 0.064672 0.052946
5 0.693111 0.369259 0.060463 0.117536
5 0.264972 0.636634 0.064062 0.178702
5 0.692767 0.347257 0.064626 0.160044
5 0.601238 0.655989 0.066474 0.176697
5 0.330383 0.643831 0.066942 0.154724
5 0.015790 0.629315 0.031579 0.128598
5 0.410282 0.176603 0.067038 0.177302
5 0.949947 0.393395 0.071653 0.083191
5 0.850245 0.805191 0.060592 0.141959
5 0.973134 0.658032 0.053732 0.156630
5 0.331471 0.695665 0.065458 0.075049
5 0.825444 0.199871 0.066098 0.162251
5 0.068105 0.526319 0.064614 0.083544
5 0.969840 0.792172 0.060319 0.166297
5 0.480773 0.335332 0.069207 0.167335
5 0.971851 0.835290 0.056297 0.076426
5 0.910455 0.819613 0.062119 0.107379
5 0.761024 0.192916 0.063518 0.168233
5 0.910293 0.797880 0.064261 0.151068
5 0.888582 0.204535 0.062710 0.164197
5 0.550568 0.185281 0.069728 0.165144
5 0.824636 0.298233 0.064989 0.050334
5 0.262147 0.352318 0.058605 0.123661
5 0.009336 0.153795 0.018606 0.146088
5 0.957088 0.202886 0.069371 0.159645
5 0.411283 0.198871 0.065992 0.125351
5 0.849570 0.825372 0.057968 0.098494
5 0.482045 0.279220 0.069622 0.056221
5 0.991024 0.395690 0.017952 0.066537
5 0.973482 0.695979 0.053036 0.075017
5 0.135951 0.658285 0.063911 0.107506
5 0.121373 0.275230 0.079282 0.074017
5 0.888432 0.231706 0.061638 0.113207
5 0.952372 0.305406 0.071021 0.050658
5 0.267562 0.815897 0.059372 0.114727
5 0.914515 0.768419 0.058700 0.086313
5 0.692662 0.135443 0.057674 0.056077
5 0.465381 0.821773 0.062246 0.099073