1 0.627567 0.056118 0.059574 0.112235
1 0.800524 0.022442 0.066856 0.044883
1 0.120250 0.937102 0.038891 0.082042
1 0.547463 0.066187 0.057784 0.132374
1 0.850872 0.017595 0.064026 0.035191
1 0.506470 0.071533 0.058032 0.143066
1 0.322189 0.809564 0.047141 0.090380
1 0.232609 0.894767 0.046071 0.065738
1 0.138044 0.455135 0.045668 0.114229
1 0.751105 0.030688 0.065698 0.061376
1 0.258153 0.139320 0.057838 0.137525
1 0.586695 0.060132 0.058296 0.120265
1 0.014678 0.487822 0.029356 0.127553
1 0.196009 0.910462 0.042579 0.071715
1 0.006046 0.392149 0.012092 0.118629
1 0.124161 0.372031 0.038685 0.076174
1 0.624859 0.732002 0.037287 0.083090
1 0.157613 0.376073 0.044442 0.097862
1 0.708535 0.045546 0.061289 0.091092
1 0.365480 0.660216 0.042774 0.114583
1 0.345899 0.313918 0.037277 0.071698
1 0.196693 0.620452 0.037467 0.071211
1 0.142540 0.914765 0.032994 0.070935
1 0.165972 0.627155 0.037627 0.070239
1 0.196785 0.991612 0.046780 0.016776
1 0.152975 0.159873 0.051332 0.146573
1 0.122714 0.181412 0.045660 0.117567
1 0.216666 0.952294 0.049429 0.077820
1 0.668617 0.052809 0.057169 0.105618
1 0.354692 0.577693 0.039320 0.080980
1 0.177143 0.096157 0.039600 0.044799
1 0.106106 0.462629 0.045103 0.115768
1 0.091796 0.952165 0.051961 0.095669
1 0.200621 0.439726 0.047401 0.120510
1 0.195883 0.901363 0.038483 0.053853
1 0.056547 0.742275 0.056229 0.119362
1 0.144477 0.107647 0.038938 0.049353
1 0.291438 0.595996 0.035782 0.070062
1 0.433079 0.836547 0.041303 0.085656
1 0.177995 0.696734 0.042200 0.114408
1 0.224325 0.351367 0.045894 0.081781
1 0.226084 0.615761 0.037506 0.072730
1 0.189714 0.162744 0.046450 0.118778
1 0.374283 0.300736 0.034907 0.063474
1 0.406568 0.043277 0.036480 0.058322
1 0.039352 0.654163 0.059737 0.136531
1 0.981981 0.641037 0.036039 0.084675
1 0.356838 0.394574 0.042982 0.122051
1 0.491449 0.762503 0.032630 0.071678
1 0.076079 0.472355 0.042270 0.107840
1 0.665331 0.262927 0.072471 0.234335
1 0.138164 0.635216 0.035034 0.072911
1 0.653165 0.540817 0.063723 0.212074
1 0.218378 0.139559 0.051470 0.150406
1 0.322336 0.793492 0.049217 0.070820
1 0.110916 0.115450 0.038872 0.047544
1 0.316363 0.325068 0.036530 0.076881
1 0.900475 0.013585 0.065455 0.027170
1 0.413232 0.092476 0.048692 0.157500
1 0.256808 0.611261 0.043057 0.079224
1 0.874728 0.666247 0.032744 0.078241
1 0.518624 0.758842 0.033166 0.080171
1 0.146313 0.118582 0.041918 0.071491
1 0.327070 0.400550 0.044203 0.128212
1 0.208004 0.823337 0.026935 0.040674
1 0.406580 0.961658 0.046553 0.076684
1 0.108430 0.649164 0.041102 0.078988
1 0.132782 0.423199 0.053809 0.180093
1 0.063604 0.962731 0.038270 0.056679
1 0.289173 0.331738 0.033851 0.066209
1 0.392699 0.906122 0.036414 0.053637
1 0.366093 0.783864 0.032972 0.063154
1 0.372386 0.966470 0.047834 0.067059
1 0.303735 0.677231 0.039738 0.108212
1 0.172439 0.963685 0.053392 0.068820
1 0.932562 0.780214 0.040185 0.057455
1 0.231407 0.986640 0.047016 0.026720
1 0.350123 0.849418 0.043877 0.065855
1 0.873591 0.655365 0.029760 0.055375
1 0.455003 0.887991 0.035113 0.054020
1 0.321643 0.586719 0.040165 0.075979
1 0.937787 0.010199 0.025904 0.020399
1 0.692846 0.523040 0.073884 0.230838
1 0.597266 0.740866 0.034343 0.083141
1 0.386006 0.387943 0.043498 0.121809
1 0.651842 0.724590 0.033995 0.079578
1 0.337809 0.791961 0.036359 0.064164
1 0.485480 0.881711 0.031017 0.054391
1 0.288054 0.802834 0.029107 0.042524
1 0.342385 0.060020 0.036981 0.058278
1 0.422199 0.618035 0.050552 0.175641
1 0.625560 0.279298 0.068249 0.220286
1 0.094030 0.383996 0.041353 0.084018
1 0.236081 0.815411 0.030733 0.044438
1 0.289878 0.887388 0.031088 0.037021
1 0.485387 0.602464 0.054032 0.173347
1 0.188435 0.357055 0.039507 0.075472
1 0.290663 0.815852 0.034711 0.076956
1 0.218874 0.937127 0.048174 0.075766
1 0.147541 0.692398 0.048244 0.159503
1 0.027957 0.192366 0.055915 0.156094
1 0.319250 0.881406 0.033907 0.044956
1 0.231597 0.400281 0.060468 0.179006
1 0.237809 0.694575 0.043704 0.115941
1 0.264490 0.337702 0.044001 0.079795
1 0.303643 0.980951 0.044525 0.038099
1 0.843044 0.483691 0.076239 0.232064
1 0.936834 0.458221 0.076248 0.234659
1 0.031586 0.416583 0.063172 0.194735
1 0.469803 0.286882 0.038894 0.081881
1 0.541937 0.302547 0.065097 0.216340
5 0.929742 0.845896 0.049854 0.102951
1 0.353056 0.838446 0.036711 0.053103
1 0.349057 0.866978 0.036954 0.053583
1 0.890738 0.470168 0.077506 0.235038
1 0.345656 0.875869 0.028662 0.040189
1 0.323047 0.829140 0.036473 0.051352
1 0.350374 0.105747 0.050022 0.149980
1 0.076760 0.639072 0.043293 0.106717
1 0.473572 0.074430 0.042816 0.144571
1 0.293534 0.828215 0.032813 0.065899
1 0.389344 0.779844 0.026864 0.058679
1 0.613739 0.551271 0.064757 0.210505
1 0.041074 0.479092 0.051910 0.120404