5 0.896152 0.180961 0.044389 0.096143
5 0.930419 0.165857 0.048236 0.099290
5 0.012862 0.537223 0.025724 0.148027
5 0.930456 0.395323 0.040041 0.087782
5 0.255893 0.423642 0.048040 0.148958
5 0.979969 0.369672 0.040062 0.094680
5 0.274334 0.378501 0.034949 0.078706
5 0.630939 0.052735 0.060992 0.105471
5 0.803515 0.143042 0.033094 0.063051
5 0.850994 0.122673 0.035638 0.065053
5 0.267045 0.180377 0.052168 0.159960
5 0.292261 0.169980 0.050314 0.160022
5 0.920089 0.324821 0.036261 0.065324
5 0.839440 0.203930 0.037729 0.077882
5 0.299058 0.370725 0.034991 0.084392
5 0.837785 0.007987 0.039064 0.015975
5 0.791276 0.224162 0.037655 0.091585
5 0.861731 0.423768 0.037047 0.086388
5 0.240529 0.189392 0.050491 0.155647
5 0.564543 0.499918 0.054935 0.164656
5 0.971033 0.302270 0.033630 0.063042
5 0.850535 0.357741 0.034468 0.061657
5 0.354229 0.386881 0.050507 0.158132
5 0.907022 0.097201 0.025754 0.053927
5 0.324191 0.365655 0.036553 0.095086
5 0.827460 0.133702 0.033701 0.065175
5 0.588742 0.261812 0.056097 0.175107
5 0.375093 0.346140 0.038046 0.097659
5 0.863368 0.193506 0.039546 0.092958
5 0.779671 0.151137 0.029991 0.058828
5 0.788175 0.454943 0.037174 0.091948
5 0.753412 0.398352 0.035262 0.067651
5 0.658978 0.046203 0.059416 0.092405
5 0.106325 0.495001 0.059776 0.153126
5 0.535020 0.043477 0.048069 0.086953