5 0.942778 0.540626 0.044389 0.096143
5 0.981898 0.317950 0.036203 0.108622
5 0.990958 0.242393 0.018084 0.073681
5 0.976528 0.554959 0.046945 0.099290
5 0.949864 0.218158 0.032964 0.059591
5 0.056957 0.133717 0.047748 0.148027
5 0.972833 0.233452 0.034773 0.067893
5 0.905497 0.753712 0.040041 0.087782
5 0.312459 0.238587 0.048040 0.148958
5 0.956807 0.771491 0.041019 0.094680
5 0.342536 0.214246 0.034949 0.078706
5 0.764384 0.186322 0.060992 0.177262
5 0.874401 0.433677 0.033094 0.063051
5 0.921884 0.454020 0.035638 0.065053
5 0.398138 0.058407 0.052168 0.116815
5 0.423224 0.064007 0.050314 0.128014
5 0.918551 0.684361 0.036261 0.065324
5 0.886486 0.515148 0.037729 0.077882
5 0.366378 0.227291 0.034991 0.084392
5 0.960087 0.305882 0.039064 0.104310
5 0.838452 0.494138 0.037655 0.091585
5 0.837091 0.723366 0.037047 0.086388
5 0.372357 0.050626 0.050491 0.101252
5 0.923554 0.203947 0.032374 0.052447
5 0.555921 0.551564 0.054935 0.164656
5 0.969717 0.705587 0.033630 0.063042
5 0.848028 0.657229 0.034468 0.061657
5 0.409108 0.285419 0.050507 0.158132
5 0.978367 0.476784 0.025754 0.053927
5 0.389727 0.243006 0.036553 0.095086
5 0.898057 0.444745 0.033701 0.065175
5 0.651287 0.364717 0.056097 0.175107
5 0.439909 0.266827 0.038046 0.097659
5 0.910466 0.525263 0.039546 0.092958
5 0.851222 0.421613 0.029991 0.058828
5 0.763647 0.691519 0.037174 0.091948
5 0.751226 0.614700 0.035262 0.067651
5 0.921939 0.211567 0.036816 0.070127
5 0.792608 0.197832 0.059416 0.176354
5 0.160630 0.180731 0.059776 0.153126
5 0.678416 0.117624 0.048069 0.121667