5 0.806387 0.028080 0.038406 0.056160
5 0.719771 0.048986 0.041756 0.097971
5 0.833649 0.026221 0.041169 0.052442
5 0.893388 0.019660 0.040300 0.039321
5 0.747188 0.042392 0.041166 0.084783
5 0.864744 0.024232 0.041592 0.048464
5 0.777110 0.033237 0.039716 0.066474
5 0.688757 0.054639 0.043533 0.109279
5 0.746105 0.026012 0.036192 0.052023
5 0.775815 0.015884 0.034987 0.031768
5 0.722492 0.206440 0.041976 0.140295
5 0.653712 0.058302 0.030804 0.116604
5 0.950694 0.009394 0.025239 0.018789
5 0.839544 0.477743 0.034852 0.128196
5 0.993053 0.599449 0.013893 0.145566
5 0.691799 0.215681 0.042812 0.141699
5 0.903325 0.143173 0.039415 0.139931
5 0.742674 0.716389 0.040582 0.114100
5 0.985337 0.433436 0.029326 0.154117
5 0.871382 0.500355 0.042300 0.129512
5 0.814938 0.524876 0.039878 0.123131
5 0.872904 0.152871 0.041935 0.138559
5 0.925276 0.015608 0.033404 0.031216
5 0.905773 0.519021 0.029211 0.061419
5 0.959961 0.118700 0.036335 0.134594
5 0.949064 0.009993 0.028704 0.019985
5 0.882851 0.647498 0.031992 0.120346
5 0.832021 0.678568 0.034822 0.117894
5 0.709480 0.718366 0.038124 0.128813
5 0.756203 0.122315 0.026067 0.051216
5 0.840645 0.089414 0.025984 0.040312
5 0.930670 0.063289 0.025821 0.051386
5 0.772556 0.704807 0.038321 0.115493
6 0.597869 0.429751 0.043869 0.138738
5 0.801765 0.689305 0.034597 0.117505
5 0.531350 0.462200 0.039970 0.117052
5 0.572301 0.080215 0.040723 0.142237
5 0.933096 0.140175 0.039474 0.116546
5 0.811091 0.176110 0.045147 0.144276
5 0.929562 0.471291 0.041468 0.133897
5 0.844223 0.173023 0.041530 0.128837
5 0.934373 0.824809 0.036886 0.077385
5 0.528080 0.374427 0.021903 0.046085
5 0.978293 0.281178 0.031860 0.153973
5 0.471479 0.071741 0.026103 0.057541
5 0.978570 0.605122 0.042860 0.143005
7 0.278463 0.987430 0.035066 0.025140
7 0.412827 0.832971 0.032006 0.112772
5 0.415124 0.081661 0.039366 0.111584