5 0.152960 0.105556 0.028552 0.114699
5 0.241353 0.110393 0.030663 0.128869
5 0.125347 0.106322 0.030529 0.123792
5 0.065062 0.110438 0.029028 0.130583
5 0.213240 0.107394 0.030194 0.127437
5 0.094096 0.109875 0.030394 0.129989
5 0.182585 0.104415 0.029642 0.117329
5 0.272912 0.111124 0.032529 0.128187
5 0.212881 0.091384 0.028202 0.093851
5 0.182391 0.087845 0.028184 0.080616
5 0.254557 0.285696 0.030600 0.132014
5 0.308461 0.110718 0.019996 0.123884
5 0.009315 0.137262 0.018629 0.076847
5 0.163618 0.592227 0.024288 0.121883
5 0.012203 0.767497 0.024406 0.139480
5 0.285612 0.284478 0.031342 0.133186
5 0.070796 0.284181 0.027950 0.132549
5 0.280422 0.794682 0.031639 0.105060
5 0.012474 0.598831 0.023668 0.148415
5 0.134292 0.625198 0.031968 0.120597
5 0.192078 0.630372 0.030039 0.114776
5 0.101625 0.283505 0.030722 0.130209
5 0.035546 0.141884 0.027366 0.071950
5 0.102098 0.655142 0.024751 0.053917
5 0.012825 0.279119 0.025232 0.128057
5 0.009435 0.120405 0.018870 0.112827
5 0.136195 0.773961 0.022041 0.114679
5 0.189040 0.787472 0.025240 0.111097
5 0.313289 0.785470 0.027659 0.121358
5 0.213812 0.214181 0.022430 0.044349
5 0.127702 0.210167 0.023384 0.032952
5 0.036701 0.214703 0.022156 0.044616
5 0.249955 0.793322 0.029137 0.107329
6 0.397317 0.463719 0.032732 0.129705
5 0.219800 0.787874 0.025042 0.110769
5 0.465736 0.473313 0.030716 0.108373
5 0.391144 0.110898 0.029101 0.134497
5 0.041209 0.291237 0.030245 0.108020
5 0.164583 0.285611 0.033543 0.135051
5 0.074389 0.616134 0.030678 0.125490
5 0.131678 0.293709 0.031226 0.120165
5 0.101360 0.965899 0.031270 0.067904
5 0.461083 0.385775 0.018556 0.040462
5 0.009346 0.445291 0.018692 0.149968
5 0.489674 0.068659 0.021864 0.050965
5 0.036569 0.764940 0.034590 0.133403
7 0.765748 0.947877 0.026145 0.103890
7 0.615715 0.798607 0.022778 0.106736
5 0.546063 0.059483 0.030605 0.102858