5 0.797243 0.137550 0.072329 0.106827
5 0.244869 0.798870 0.076005 0.074311
5 0.848615 0.152881 0.079259 0.106835
5 0.158204 0.836987 0.089148 0.084898
5 0.609979 0.667813 0.099884 0.131263
5 0.751894 0.124258 0.066376 0.104965
5 0.707916 0.558758 0.078692 0.110840
5 0.650774 0.543513 0.083590 0.106790
5 0.092404 0.818433 0.079688 0.083017
5 0.670994 0.687926 0.081986 0.130200
5 0.426353 0.913140 0.108900 0.104953
5 0.567558 0.094198 0.073304 0.070823
5 0.585892 0.523597 0.103202 0.111984
5 0.303504 0.587310 0.097084 0.130540
5 0.801018 0.435407 0.077214 0.107999
5 0.745059 0.418915 0.078688 0.105843
5 0.728299 0.703224 0.098026 0.135150
5 0.317002 0.879616 0.096682 0.083028
5 0.808597 0.587299 0.076629 0.111897
5 0.040329 0.775218 0.080659 0.134509
5 0.229845 0.856251 0.089952 0.086996
5 0.704823 0.111563 0.079643 0.108922
5 0.182377 0.781690 0.075673 0.075827
5 0.580530 0.041349 0.074111 0.073501
5 0.908362 0.172357 0.076199 0.101820
5 0.379296 0.010644 0.086534 0.021288
5 0.764383 0.885890 0.060520 0.060372
5 0.234949 0.539974 0.084159 0.076900
5 0.489494 0.166826 0.049694 0.064113
5 0.635703 0.113543 0.078439 0.072116
5 0.572710 0.038666 0.055491 0.066370
5 0.646499 0.061254 0.075704 0.073283
5 0.690458 0.399293 0.078195 0.115542
5 0.517877 0.030475 0.075973 0.060950
5 0.852444 0.448063 0.076525 0.106160
5 0.531683 0.648146 0.114287 0.137336
5 0.786592 0.279980 0.075274 0.113621
5 0.077311 0.554274 0.085094 0.078387
5 0.987339 0.196655 0.025323 0.107392
5 0.511498 0.322215 0.075093 0.074083
5 0.577403 0.339798 0.074719 0.072176
5 0.753052 0.571225 0.066918 0.108026
5 0.295576 0.613590 0.079928 0.075834
9 0.699695 0.853271 0.472739 0.293458
5 0.637886 0.957230 0.102896 0.085540
5 0.725258 0.662835 0.053659 0.055953
5 0.862348 0.599089 0.089711 0.121629
5 0.723177 0.873176 0.050952 0.056932
5 0.959654 0.185529 0.075240 0.102290
5 0.222352 0.593266 0.080842 0.077430
5 0.666874 0.707049 0.068586 0.089412
5 0.837305 0.298214 0.077428 0.108315
5 0.660271 0.854780 0.069462 0.061546
5 0.902320 0.465770 0.074802 0.102517
5 0.885201 0.921471 0.043067 0.055718
5 0.161986 0.519466 0.081033 0.074382
5 0.791582 0.690523 0.051581 0.053657
5 0.030885 0.506787 0.061771 0.128458
5 0.376363 0.282587 0.075310 0.068672
5 0.532438 0.939280 0.129420 0.109838
5 0.452354 0.020790 0.080259 0.041581
5 0.479063 0.624817 0.047309 0.039113
5 0.530336 0.029765 0.048279 0.059531
5 0.953681 0.480860 0.073342 0.101645
5 0.764271 0.573462 0.069426 0.109780