5 0.625954 0.332660 0.036866 0.029848
5 0.357044 0.456802 0.041588 0.024215
5 0.907920 0.378798 0.041855 0.043895
5 0.607816 0.394269 0.019550 0.026720
5 0.436221 0.457040 0.021433 0.023703
5 0.558364 0.452183 0.023077 0.031554
5 0.316411 0.459263 0.031999 0.021383
5 0.587104 0.450044 0.038223 0.034309
5 0.791144 0.465100 0.021067 0.016228
5 0.637643 0.392104 0.041757 0.033788
5 0.679579 0.388524 0.033249 0.031727
5 0.403214 0.459407 0.044438 0.019005
5 0.515615 0.452512 0.025969 0.032562
5 0.237039 0.462999 0.017475 0.018092
5 0.723782 0.254903 0.032252 0.037612
5 0.412546 0.392266 0.030470 0.030466
5 0.871069 0.385205 0.031628 0.033778
5 0.535678 0.452699 0.018567 0.030496
5 0.566191 0.492179 0.040240 0.036170
5 0.636529 0.500682 0.028684 0.037582
5 0.665123 0.322101 0.038811 0.048658
5 0.685762 0.390365 0.019754 0.024550
5 0.293838 0.507962 0.045499 0.052446
5 0.933777 0.380146 0.025220 0.036835
5 0.622188 0.447258 0.035857 0.039301
5 0.574116 0.270842 0.020555 0.028240
5 0.941274 0.215356 0.033731 0.050370
5 0.606235 0.502402 0.034176 0.040960
5 0.460183 0.457044 0.020853 0.023605