5 0.679410 0.362811 0.045910 0.035987
5 0.376822 0.430524 0.048527 0.031463
5 0.935846 0.462111 0.055577 0.050524
5 0.640629 0.418800 0.028105 0.029604
5 0.453219 0.446123 0.028882 0.027056
5 0.572877 0.465142 0.033180 0.034958
5 0.336725 0.425014 0.038288 0.026866
5 0.601375 0.468654 0.048760 0.040560
5 0.793267 0.522804 0.025949 0.019764
5 0.670187 0.422499 0.051994 0.040742
5 0.711929 0.427181 0.043065 0.037100
5 0.420520 0.442003 0.049482 0.026983
5 0.531471 0.457161 0.036321 0.036493
5 0.258768 0.413215 0.023123 0.020868
5 0.800738 0.306694 0.044133 0.042591
5 0.452704 0.378961 0.039945 0.035343
5 0.898040 0.461146 0.042207 0.038766
5 0.550786 0.461236 0.028458 0.033061
5 0.566635 0.505294 0.051351 0.042749
5 0.631642 0.527161 0.040676 0.041869
5 0.720888 0.360215 0.054280 0.054534
5 0.717266 0.430160 0.027553 0.027548
5 0.298115 0.467672 0.062047 0.059491
5 0.960357 0.468432 0.037072 0.040475
5 0.636225 0.472774 0.048198 0.044922
5 0.650671 0.293037 0.029600 0.031268
5 0.601786 0.522942 0.047146 0.046198
5 0.476364 0.450779 0.028288 0.026849