5 0.663946 0.386585 0.068962 0.275581
5 0.732502 0.367566 0.074840 0.288139
5 0.952819 0.874767 0.094279 0.250465
5 0.421409 0.080456 0.044106 0.142841
5 0.597485 0.411242 0.070085 0.260150
5 0.365845 0.472464 0.057662 0.186936
5 0.322148 0.138355 0.054807 0.150590
5 0.901587 0.316204 0.109430 0.312838
5 0.477143 0.442674 0.060372 0.226621
5 0.652686 0.874695 0.076255 0.250610
5 0.532018 0.875685 0.055528 0.240129
5 0.536020 0.427253 0.059739 0.241676
5 0.862985 0.875333 0.094065 0.249334
5 0.200136 0.034474 0.065616 0.067928
5 0.810900 0.343249 0.090276 0.304417
5 0.318208 0.837197 0.048375 0.220473
5 0.481154 0.873055 0.063498 0.244314