5 0.677929 0.454098 0.114163 0.292964
5 0.747431 0.462343 0.122007 0.307376
5 0.872725 0.949264 0.134283 0.101472
5 0.496478 0.070894 0.067250 0.141789
5 0.609478 0.452113 0.112585 0.278495
5 0.375167 0.421319 0.087952 0.202952
5 0.390609 0.082499 0.078923 0.164999
5 0.919617 0.478374 0.159680 0.344662
5 0.487813 0.435754 0.097417 0.242337
5 0.582831 0.892684 0.116898 0.214633
5 0.466104 0.874281 0.095069 0.251438
5 0.547345 0.443716 0.099404 0.256633
5 0.785854 0.932393 0.133881 0.135213
5 0.827353 0.469290 0.139726 0.329092
5 0.266220 0.755130 0.084768 0.231741
5 0.417427 0.853027 0.103490 0.260641