9 0.206543 0.080025 0.086750 0.076361
9 0.181252 0.350925 0.055172 0.101459
2 0.698154 0.947154 0.067843 0.076555
2 0.364058 0.807742 0.061432 0.073351
2 0.381652 0.706639 0.065264 0.079315
2 0.371762 0.758623 0.061426 0.068480
2 0.126792 0.159766 0.066923 0.074947
2 0.237044 0.723698 0.066791 0.114246
2 0.779115 0.901098 0.076547 0.079466
2 0.630166 0.919926 0.063518 0.072793
2 0.674351 0.994982 0.077840 0.010036
2 0.251411 0.262888 0.065564 0.074296
2 0.194343 0.597163 0.073983 0.065719
2 0.119210 0.211890 0.069193 0.081145
2 0.769374 0.955890 0.080263 0.088219
2 0.244528 0.699291 0.064876 0.070678
2 0.236036 0.345993 0.056947 0.064383
2 0.275865 0.113449 0.057584 0.062416
2 0.222437 0.016465 0.066032 0.032931
2 0.298316 0.007832 0.072742 0.015663
2 0.292472 0.032401 0.083699 0.064802
2 0.368579 0.025093 0.078739 0.050186
2 0.362489 0.057999 0.080060 0.091456
2 0.442152 0.010008 0.064151 0.020015
2 0.438229 0.035775 0.075546 0.071549
2 0.428072 0.085215 0.072001 0.082289
2 0.509707 0.021117 0.067410 0.042234
2 0.501703 0.056200 0.066593 0.063073
2 0.494187 0.112643 0.075727 0.083786
2 0.577581 0.035361 0.069463 0.059780
2 0.567837 0.081926 0.071706 0.069574
2 0.557465 0.136794 0.075052 0.082775
2 0.647402 0.065991 0.072447 0.065426
2 0.639521 0.113304 0.080050 0.080337
2 0.625196 0.163160 0.068874 0.075845
2 0.711764 0.088865 0.063504 0.059609
2 0.706245 0.134132 0.072276 0.072767
2 0.695641 0.191901 0.080554 0.088691
2 0.779281 0.116429 0.083376 0.071300
2 0.770920 0.164832 0.084412 0.079868
2 0.761346 0.220021 0.067211 0.080364
2 0.856891 0.149761 0.069643 0.063558
2 0.842713 0.192405 0.085449 0.088435
2 0.830123 0.248520 0.081581 0.086139
2 0.924978 0.174133 0.073758 0.064471
2 0.915832 0.226926 0.074652 0.072240
2 0.901094 0.283889 0.075936 0.079424
2 0.975857 0.201961 0.048285 0.061236
2 0.976065 0.245825 0.047870 0.083358
2 0.968569 0.306779 0.062861 0.083730
2 0.137496 0.057835 0.063476 0.067747
2 0.137345 0.112961 0.076106 0.072083
2 0.200610 0.132399 0.078026 0.077301
2 0.193508 0.181736 0.075535 0.068890
2 0.181929 0.236974 0.071925 0.076331
2 0.268426 0.163079 0.072666 0.072183
2 0.263433 0.214975 0.072913 0.070800
2 0.343031 0.136594 0.070861 0.075903
2 0.332165 0.187841 0.079375 0.079325
2 0.327368 0.240244 0.070718 0.075104
2 0.319481 0.293971 0.071925 0.076331
2 0.411260 0.160167 0.083205 0.078641
2 0.408235 0.215421 0.075469 0.074050
2 0.391054 0.263702 0.066032 0.070998
2 0.383448 0.322248 0.071146 0.077499
2 0.478882 0.190341 0.065253 0.072167
2 0.472046 0.239785 0.071678 0.077713
2 0.460772 0.291724 0.066241 0.066636
2 0.450970 0.343398 0.071716 0.080692
2 0.544094 0.214840 0.066033 0.070999
2 0.534521 0.270029 0.067420 0.076001
2 0.528588 0.322402 0.078064 0.080279
2 0.522051 0.374961 0.067639 0.082758
2 0.611682 0.242005 0.064968 0.070571
2 0.601991 0.289874 0.070433 0.073508
2 0.593377 0.342881 0.066498 0.076372
2 0.581020 0.396096 0.063590 0.076686
2 0.680439 0.272207 0.062554 0.068118
2 0.674435 0.324980 0.061786 0.080406
2 0.658936 0.378215 0.070328 0.075689
2 0.647857 0.430659 0.063876 0.078282
2 0.749625 0.300014 0.062060 0.070884
2 0.740926 0.348710 0.065747 0.069402
2 0.726401 0.404475 0.070081 0.077071
2 0.711738 0.454624 0.066537 0.079352
2 0.822586 0.330623 0.074520 0.082561
2 0.807606 0.379361 0.067772 0.072438
2 0.796792 0.431911 0.066394 0.078553
2 0.786102 0.485368 0.069730 0.080635
2 0.889442 0.363483 0.064693 0.080093
2 0.876006 0.411558 0.068200 0.074834
2 0.862194 0.463332 0.070043 0.074093
2 0.852555 0.512505 0.074986 0.087935
2 0.946222 0.436784 0.079062 0.085868
2 0.933156 0.487575 0.074510 0.071442
2 0.921721 0.542016 0.074377 0.081762
2 0.101864 0.345114 0.078919 0.085069
2 0.091744 0.395377 0.078130 0.075119
2 0.083103 0.438962 0.073056 0.071598
2 0.159804 0.410326 0.070746 0.066965
2 0.152840 0.465279 0.077845 0.073523
2 0.225000 0.388616 0.070290 0.072710
2 0.220398 0.441524 0.075366 0.076232
2 0.217748 0.493079 0.069292 0.067122
2 0.301605 0.368497 0.072847 0.075960
2 0.290882 0.418946 0.087539 0.086311
2 0.283248 0.468069 0.063685 0.063386
2 0.276236 0.515303 0.071602 0.071755
2 0.366851 0.396004 0.071640 0.074734
2 0.359924 0.447550 0.073341 0.073194
2 0.351544 0.497657 0.066241 0.066636
2 0.341956 0.548134 0.071212 0.072339
2 0.432771 0.422927 0.065681 0.074562
2 0.426871 0.478308 0.076467 0.079638
2 0.413858 0.530403 0.073237 0.075376
2 0.408552 0.574473 0.063618 0.068546
2 0.499951 0.450783 0.070471 0.076487
2 0.488430 0.500911 0.070927 0.070742
2 0.484202 0.550119 0.071431 0.079096
2 0.469587 0.607988 0.070415 0.092766
2 0.562053 0.526224 0.063267 0.072110
2 0.552407 0.581812 0.058620 0.070984
2 0.543937 0.634021 0.060710 0.068859
2 0.636871 0.498543 0.064986 0.051312
2 0.631386 0.522861 0.066050 0.051740
2 0.625488 0.554287 0.068284 0.050415
2 0.618829 0.581984 0.070061 0.054834
2 0.613747 0.612027 0.083223 0.059384
2 0.610794 0.642925 0.072474 0.057286
2 0.604312 0.672832 0.073824 0.059311
2 0.700192 0.536826 0.064227 0.074718
2 0.695979 0.590747 0.069017 0.076643
2 0.684177 0.636056 0.064864 0.072751
2 0.672409 0.684373 0.066175 0.071796
2 0.767813 0.567000 0.066290 0.080735
2 0.759984 0.615617 0.063410 0.072908
2 0.751000 0.665908 0.060787 0.074818
2 0.735987 0.711638 0.076325 0.078840
2 0.836575 0.590786 0.065368 0.081105
2 0.824835 0.648526 0.066964 0.081746
2 0.816298 0.694720 0.070823 0.072924
2 0.806197 0.743280 0.075831 0.081606
2 0.907979 0.617347 0.070148 0.071911
2 0.898282 0.671630 0.082788 0.087366
2 0.887773 0.720881 0.082075 0.083373
2 0.877492 0.773647 0.080335 0.081934
2 0.066202 0.516017 0.079403 0.071186
2 0.061579 0.570629 0.071098 0.063401
2 0.051883 0.624912 0.074444 0.076602
2 0.044625 0.670336 0.079090 0.077729
2 0.127286 0.598750 0.072371 0.059467
2 0.118094 0.643824 0.078339 0.070758
2 0.113054 0.688001 0.067125 0.063287
2 0.188573 0.627660 0.064311 0.050301
2 0.184148 0.658822 0.066297 0.050357
2 0.258452 0.653180 0.070680 0.072125
2 0.314373 0.713729 0.067420 0.076002
2 0.453521 0.681958 0.068133 0.079994
2 0.448525 0.740269 0.078881 0.082090
2 0.435943 0.783553 0.070110 0.068933
2 0.433028 0.835001 0.072172 0.074948
2 0.523362 0.710883 0.057166 0.071140
2 0.516716 0.767249 0.064902 0.075731
2 0.509509 0.813977 0.063761 0.069344
2 0.498468 0.863015 0.065253 0.072167
2 0.592722 0.740900 0.069017 0.076643
2 0.582637 0.794172 0.070576 0.074307
2 0.574379 0.845183 0.067278 0.075204
2 0.567173 0.891912 0.070680 0.072125
2 0.663894 0.770362 0.072210 0.077927
2 0.650757 0.821551 0.064056 0.082060
2 0.644025 0.873604 0.062307 0.069501
2 0.730165 0.801703 0.066954 0.070628
2 0.715607 0.854461 0.060919 0.064497
2 0.705598 0.900918 0.059208 0.054918
2 0.861079 0.860737 0.065823 0.075360
2 0.850531 0.913395 0.076895 0.082033
2 0.842503 0.964422 0.080155 0.071157
2 0.833149 0.988798 0.074301 0.022404
2 0.028692 0.746750 0.057383 0.065139
2 0.091994 0.772369 0.070214 0.066751
2 0.155156 0.830696 0.070377 0.089787
2 0.223388 0.830312 0.057765 0.066194
2 0.283507 0.856187 0.068732 0.075048
2 0.350990 0.880744 0.065462 0.067805
2 0.413555 0.908884 0.063229 0.069130
2 0.478977 0.938601 0.063305 0.075089
2 0.544469 0.966641 0.054363 0.066717
2 0.612979 0.980224 0.056777 0.039552
9 0.136958 0.552585 0.060293 0.077583