9 0.855923 0.208264 0.081543 0.046281
9 0.833609 0.479752 0.041322 0.088430
2 0.231443 0.854988 0.060416 0.054973
2 0.578210 0.850032 0.053904 0.054273
2 0.578661 0.745544 0.056990 0.059207
2 0.579244 0.799596 0.054868 0.048843
2 0.919197 0.316249 0.059710 0.053592
2 0.715398 0.818163 0.051733 0.097483
2 0.161188 0.779071 0.069544 0.054318
2 0.301813 0.855083 0.056342 0.052716
2 0.237774 0.957498 0.065401 0.085004
2 0.781031 0.367477 0.058324 0.053475
2 0.778477 0.712517 0.069424 0.040134
2 0.917527 0.369541 0.061008 0.059487
2 0.159640 0.844190 0.068475 0.081842
2 0.712380 0.791682 0.058278 0.049748
2 0.781543 0.453719 0.050689 0.046281
2 0.783196 0.213636 0.051791 0.043802
2 0.849587 0.027686 0.056749 0.040496
2 0.853994 0.075207 0.054545 0.034711
2 0.854821 0.122314 0.059504 0.049587
2 0.783196 0.025620 0.060606 0.041322
2 0.785124 0.072727 0.065565 0.054545
2 0.782094 0.123554 0.078237 0.047107
2 0.714601 0.026860 0.064463 0.050413
2 0.711570 0.077273 0.071625 0.055372
2 0.709091 0.126446 0.071074 0.066116
2 0.644628 0.025620 0.057851 0.047934
2 0.640496 0.071488 0.068320 0.055372
2 0.641047 0.127273 0.063912 0.059504
2 0.575207 0.022727 0.062259 0.042149
2 0.574931 0.070661 0.061708 0.040496
2 0.572452 0.128099 0.067769 0.059504
2 0.505234 0.021074 0.065565 0.035537
2 0.506612 0.069835 0.066116 0.045455
2 0.507163 0.126860 0.067218 0.058678
2 0.432507 0.023554 0.067769 0.040496
2 0.431956 0.072314 0.073278 0.053719
2 0.437190 0.126033 0.061708 0.053719
2 0.366391 0.020661 0.058953 0.038017
2 0.363912 0.066529 0.066116 0.048760
2 0.364187 0.126446 0.072176 0.062810
2 0.296419 0.021074 0.078788 0.042148
2 0.296143 0.071074 0.078237 0.051240
2 0.295868 0.128099 0.058953 0.059504
2 0.215702 0.023140 0.065014 0.039669
2 0.222039 0.069835 0.077686 0.060331
2 0.224518 0.128926 0.073829 0.059504
2 0.145730 0.020248 0.069421 0.038843
2 0.145455 0.074793 0.068871 0.047107
2 0.149862 0.135537 0.068871 0.054545
2 0.077135 0.021488 0.075482 0.033058
2 0.071074 0.064463 0.066667 0.059504
2 0.075482 0.129339 0.065565 0.060331
2 0.926446 0.213636 0.057300 0.047107
2 0.917080 0.266942 0.070523 0.046281
2 0.852617 0.261157 0.071625 0.051240
2 0.850964 0.311570 0.070523 0.042975
2 0.852617 0.369421 0.065014 0.052893
2 0.781818 0.264463 0.066667 0.047934
2 0.777686 0.316529 0.067218 0.046281
2 0.714325 0.209917 0.063912 0.052893
2 0.715978 0.263636 0.072727 0.052893
2 0.711570 0.316116 0.063912 0.052066
2 0.709917 0.371074 0.065014 0.052893
2 0.644353 0.206198 0.077135 0.050413
2 0.637741 0.260744 0.069421 0.048760
2 0.646006 0.314050 0.059504 0.049587
2 0.643251 0.373554 0.063912 0.054545
2 0.573829 0.209091 0.058402 0.051240
2 0.571901 0.259504 0.064463 0.054545
2 0.573829 0.314050 0.060606 0.044628
2 0.574380 0.367769 0.063912 0.057851
2 0.506612 0.207438 0.059504 0.049587
2 0.506336 0.264463 0.060055 0.054545
2 0.503030 0.317355 0.071074 0.054545
2 0.500275 0.370661 0.058953 0.061983
2 0.436639 0.207438 0.058402 0.049587
2 0.437741 0.257438 0.063912 0.050413
2 0.436915 0.311983 0.058953 0.055372
2 0.439669 0.368182 0.055647 0.057025
2 0.365014 0.209917 0.056198 0.047934
2 0.361708 0.263223 0.052893 0.061983
2 0.367493 0.320661 0.063361 0.052893
2 0.369146 0.375620 0.055647 0.058678
2 0.293388 0.209917 0.055096 0.051240
2 0.293388 0.260331 0.059504 0.047934
2 0.297796 0.319835 0.062810 0.054545
2 0.303306 0.373967 0.058402 0.058678
2 0.217631 0.211157 0.066667 0.058678
2 0.223691 0.264050 0.061157 0.050413
2 0.225069 0.319008 0.058402 0.057851
2 0.226171 0.374793 0.061708 0.058678
2 0.147383 0.216942 0.056198 0.060331
2 0.152066 0.268595 0.061157 0.052893
2 0.156474 0.323967 0.063361 0.051240
2 0.157300 0.375207 0.066116 0.064463
2 0.079890 0.265702 0.071074 0.060331
2 0.083747 0.319835 0.068871 0.046281
2 0.085399 0.376860 0.066667 0.057851
2 0.911295 0.504959 0.071074 0.059504
2 0.912397 0.557438 0.072176 0.048760
2 0.913223 0.602893 0.067218 0.047107
2 0.844077 0.545455 0.065565 0.042975
2 0.841322 0.601240 0.072176 0.047107
2 0.784848 0.499174 0.063912 0.049587
2 0.780165 0.552066 0.068871 0.051240
2 0.773829 0.602893 0.063912 0.043802
2 0.714325 0.450000 0.066116 0.052066
2 0.715978 0.502893 0.080441 0.057025
2 0.714876 0.553306 0.058402 0.042149
2 0.713499 0.601653 0.065565 0.047934
2 0.646556 0.451240 0.065014 0.051240
2 0.644353 0.503719 0.067218 0.048760
2 0.643802 0.555372 0.060606 0.044628
2 0.644353 0.607851 0.065014 0.048760
2 0.578237 0.451653 0.058402 0.053719
2 0.574380 0.507438 0.069421 0.054545
2 0.577961 0.562810 0.066667 0.051240
2 0.575482 0.607438 0.057300 0.047934
2 0.508540 0.452479 0.063361 0.053719
2 0.511019 0.505372 0.065014 0.047107
2 0.506612 0.554545 0.063912 0.056198
2 0.510744 0.616116 0.060055 0.071901
2 0.435537 0.501240 0.056198 0.052066
2 0.435262 0.558678 0.051240 0.052893
2 0.434435 0.612397 0.053994 0.049587
2 0.368044 0.445455 0.062259 0.028099
2 0.369146 0.471074 0.063361 0.028099
2 0.369421 0.503719 0.066116 0.025620
2 0.371074 0.533058 0.067218 0.029752
2 0.370799 0.564050 0.080992 0.028926
2 0.368320 0.595041 0.069421 0.031405
2 0.369421 0.626446 0.070523 0.033058
2 0.300275 0.457851 0.056749 0.054545
2 0.295041 0.511570 0.061708 0.054545
2 0.298623 0.559917 0.057851 0.052066
2 0.301653 0.611157 0.059504 0.050413
2 0.229752 0.460744 0.057851 0.060331
2 0.228926 0.510744 0.056198 0.052893
2 0.228926 0.562810 0.052893 0.056198
2 0.235537 0.612810 0.069421 0.053719
2 0.159229 0.457025 0.056749 0.061157
2 0.160606 0.517355 0.058402 0.061157
2 0.160882 0.565289 0.064463 0.049587
2 0.162259 0.616116 0.068320 0.057025
2 0.085675 0.454959 0.063912 0.048760
2 0.085675 0.511157 0.074931 0.060331
2 0.087328 0.562810 0.074931 0.056198
2 0.088154 0.617769 0.073278 0.055372
2 0.916253 0.683884 0.074380 0.043802
2 0.911295 0.738430 0.066667 0.038843
2 0.911295 0.794628 0.067769 0.052066
2 0.910468 0.841322 0.072727 0.051240
2 0.842975 0.740083 0.068871 0.033884
2 0.844077 0.787190 0.073278 0.043802
2 0.841322 0.831818 0.062259 0.040496
2 0.778788 0.744215 0.061708 0.027273
2 0.777686 0.776033 0.063912 0.026446
2 0.706887 0.741736 0.064463 0.048760
2 0.642424 0.778512 0.060055 0.054545
2 0.513499 0.693802 0.060055 0.058678
2 0.508264 0.752066 0.071625 0.056198
2 0.512948 0.798760 0.064463 0.045455
2 0.506887 0.849587 0.065565 0.051240
2 0.441047 0.694628 0.049587 0.053719
2 0.437741 0.751653 0.057300 0.055372
2 0.436639 0.799587 0.057300 0.048760
2 0.438843 0.851240 0.058402 0.051240
2 0.368871 0.696694 0.061708 0.054545
2 0.369421 0.752066 0.063912 0.051240
2 0.368595 0.804545 0.060055 0.053719
2 0.367493 0.852479 0.064463 0.048760
2 0.295041 0.697521 0.065014 0.054545
2 0.298898 0.752066 0.055096 0.062810
2 0.296419 0.804959 0.055647 0.049587
2 0.225620 0.702066 0.060606 0.048760
2 0.230579 0.758678 0.055096 0.044628
2 0.232231 0.807438 0.055096 0.034711
2 0.088981 0.708264 0.058402 0.054545
2 0.090083 0.763223 0.069421 0.057025
2 0.088430 0.819008 0.073829 0.051240
2 0.089256 0.868595 0.067769 0.051240
2 0.915152 0.922314 0.056749 0.044628
2 0.847107 0.921488 0.065014 0.042975
2 0.776033 0.953306 0.060606 0.068595
2 0.710193 0.926446 0.051240 0.047934
2 0.647658 0.928099 0.061708 0.052893
2 0.578237 0.925620 0.059504 0.046281
2 0.512948 0.928512 0.056749 0.048760
2 0.444628 0.931818 0.055647 0.055372
2 0.376309 0.934711 0.046832 0.052893
2 0.305234 0.935537 0.049036 0.054545
9 0.841598 0.691736 0.051791 0.059504