5 0.468335 0.071994 0.095501 0.143989
5 0.379905 0.090387 0.101160 0.151446
5 0.556226 0.060606 0.096931 0.121211
5 0.283390 0.116631 0.105124 0.152048
5 0.190799 0.141004 0.099783 0.150375
9 0.174193 0.348671 0.348387 0.201148
9 0.305843 0.424605 0.144468 0.128087
9 0.061759 0.488706 0.117769 0.120241
9 0.591390 0.237091 0.239635 0.163496
9 0.910630 0.538314 0.127128 0.101423
5 0.642522 0.047095 0.088481 0.094189
5 0.736477 0.032766 0.084394 0.065533
5 0.826279 0.026121 0.076857 0.052242
5 0.768121 0.200025 0.100332 0.119575
5 0.904757 0.164746 0.110390 0.138006
5 0.907526 0.266815 0.116715 0.124694
5 0.791520 0.296641 0.113489 0.128573
5 0.669733 0.329673 0.114798 0.135227
5 0.554174 0.365675 0.113042 0.129243
5 0.411703 0.294240 0.113202 0.126131
5 0.428316 0.399784 0.108254 0.115360
5 0.169606 0.458519 0.108701 0.114690
5 0.070708 0.593338 0.113393 0.127759
5 0.186331 0.553123 0.117961 0.121869
5 0.320285 0.516455 0.107136 0.110333
5 0.447596 0.489935 0.122241 0.113538
5 0.563858 0.457524 0.107201 0.106407
5 0.679864 0.420565 0.112916 0.110284
5 0.797052 0.391267 0.115119 0.115598
5 0.916811 0.352896 0.118505 0.108607
5 0.176254 0.738731 0.100205 0.114022
5 0.328476 0.695557 0.088103 0.100571
5 0.193634 0.843653 0.119014 0.130822
5 0.218469 0.945344 0.098450 0.108036
5 0.338389 0.903574 0.100301 0.114835
5 0.334040 0.788076 0.101610 0.121490
5 0.449942 0.676456 0.092668 0.121492
5 0.461013 0.787240 0.109082 0.131351
5 0.466465 0.883565 0.098416 0.116702
5 0.557006 0.651512 0.104195 0.143465
5 0.579000 0.748079 0.104709 0.112058
5 0.594526 0.853909 0.109337 0.129053
5 0.675567 0.617234 0.106016 0.132117
5 0.692116 0.712724 0.117929 0.130535
5 0.709175 0.817310 0.105441 0.127234
5 0.792390 0.558659 0.087177 0.097171
5 0.814987 0.686538 0.104865 0.135756
5 0.827767 0.795192 0.097235 0.115602
5 0.942371 0.633760 0.115257 0.154136
5 0.955698 0.752996 0.088604 0.123163