5 0.120750 0.283238 0.061332 0.127646
0 0.178573 0.249303 0.104718 0.176945
0 0.284616 0.201120 0.084219 0.178339
0 0.336624 0.172944 0.088334 0.179252
0 0.399778 0.149700 0.090035 0.177713
0 0.459793 0.126435 0.088230 0.181433
0 0.516789 0.102243 0.087061 0.183186
0 0.626967 0.074124 0.109518 0.148249
0 0.698642 0.056592 0.087430 0.113184
0 0.761801 0.042026 0.090112 0.084052
0 0.045410 0.512874 0.087468 0.163344
0 0.107804 0.493357 0.090843 0.168404
0 0.164107 0.466878 0.089350 0.165582
0 0.216665 0.440192 0.086908 0.171269
0 0.272644 0.408709 0.087204 0.183985
0 0.329374 0.384624 0.082803 0.181475
0 0.389594 0.373682 0.085472 0.152168
0 0.451523 0.348364 0.091052 0.164043
0 0.512596 0.318256 0.087260 0.167706
0 0.568096 0.285682 0.083896 0.173763
0 0.632476 0.264512 0.096620 0.164799
0 0.696962 0.240732 0.090415 0.166010
0 0.756605 0.220183 0.087145 0.158768
0 0.818924 0.193852 0.093141 0.161919
0 0.883766 0.172068 0.086223 0.159138
0 0.905270 0.367487 0.098550 0.181135
0 0.833723 0.393248 0.084476 0.188075
0 0.773220 0.426549 0.090112 0.183672
0 0.717079 0.455531 0.087099 0.186165
0 0.653820 0.481384 0.091138 0.181120
0 0.596467 0.503580 0.092658 0.175803
0 0.534233 0.525599 0.086985 0.177228
0 0.463010 0.556364 0.116398 0.189790
0 0.383857 0.589033 0.092696 0.178782
0 0.321196 0.608656 0.086167 0.175417
0 0.263905 0.642378 0.083249 0.164612
0 0.202114 0.662080 0.086842 0.176429
0 0.124734 0.894674 0.077916 0.151354
0 0.182795 0.870055 0.087336 0.173664
0 0.243478 0.840959 0.090578 0.189046