5 0.828926 0.143388 0.042975 0.114876
0 0.767218 0.133058 0.081543 0.150413
0 0.656474 0.127686 0.058402 0.161157
0 0.601377 0.120661 0.062810 0.160331
0 0.536364 0.122727 0.065014 0.157851
0 0.474380 0.123554 0.062259 0.162810
0 0.415152 0.122314 0.060606 0.165289
0 0.300275 0.117769 0.084298 0.162810
0 0.227548 0.126033 0.065565 0.139669
0 0.159504 0.111157 0.063912 0.164463
0 0.941322 0.335950 0.065014 0.142975
0 0.877686 0.341322 0.067769 0.147107
0 0.818733 0.337603 0.066667 0.144628
0 0.763361 0.332231 0.062810 0.152066
0 0.703857 0.323554 0.060606 0.166116
0 0.644904 0.322314 0.056198 0.165289
0 0.584848 0.335124 0.065014 0.131405
0 0.520661 0.334711 0.068871 0.142149
0 0.456474 0.329339 0.063912 0.147934
0 0.397245 0.319421 0.058953 0.156198
0 0.331405 0.323967 0.074931 0.140496
0 0.265014 0.326033 0.067769 0.144628
0 0.203857 0.329339 0.065565 0.138017
0 0.139118 0.328099 0.071625 0.138843
0 0.072727 0.332231 0.064463 0.138843
0 0.085675 0.529339 0.073829 0.157851
0 0.159229 0.526446 0.056749 0.171901
0 0.223416 0.535124 0.063912 0.164463
0 0.282645 0.541322 0.060055 0.168595
0 0.348209 0.541736 0.065565 0.161157
0 0.407438 0.540909 0.068320 0.154545
0 0.471350 0.538017 0.061708 0.158678
0 0.545455 0.540083 0.092011 0.159504
0 0.627548 0.540909 0.067769 0.157851
0 0.691460 0.535537 0.061157 0.157025
0 0.752617 0.545868 0.060055 0.146281
0 0.815702 0.540909 0.061708 0.157851
0 0.930579 0.735537 0.056749 0.133884
0 0.870248 0.734298 0.062810 0.154545
0 0.806612 0.729752 0.063361 0.170248