1 0.925895 0.235124 0.034160 0.126446
1 0.889532 0.235950 0.047383 0.134711
1 0.833058 0.239669 0.044628 0.125620
1 0.800551 0.242149 0.043526 0.120661
1 0.722314 0.240909 0.039118 0.114876
1 0.690083 0.245868 0.035262 0.116529
1 0.655096 0.240083 0.038017 0.124793
1 0.627824 0.240496 0.037466 0.114050
1 0.599449 0.246281 0.033609 0.115702
1 0.572452 0.245868 0.040220 0.121488
1 0.538567 0.244628 0.028650 0.120661
1 0.509091 0.248760 0.030303 0.123967
1 0.480992 0.245455 0.029201 0.127273
1 0.453444 0.247934 0.030303 0.123967
1 0.419835 0.247521 0.033609 0.126446
1 0.388705 0.247521 0.030854 0.124793
1 0.360606 0.246281 0.027548 0.123967
1 0.305234 0.250413 0.032507 0.127273
1 0.271074 0.244628 0.030303 0.128926
1 0.245179 0.250413 0.032507 0.122314
1 0.191736 0.254132 0.043526 0.108264
1 0.052893 0.240496 0.032507 0.133884
1 0.111846 0.249587 0.026997 0.132231
1 0.932782 0.404545 0.040220 0.133058
1 0.888981 0.405785 0.052893 0.137190
1 0.844628 0.409091 0.051240 0.127273
1 0.806061 0.415702 0.060055 0.132231
1 0.736915 0.410744 0.063912 0.117355
1 0.695592 0.416529 0.046281 0.137190
1 0.653168 0.409917 0.046281 0.127273
1 0.615427 0.411983 0.049036 0.138017
1 0.573278 0.412397 0.041873 0.135537
1 0.532782 0.413223 0.047934 0.133884
1 0.494490 0.414050 0.042975 0.135537
1 0.458127 0.424380 0.031956 0.126446
1 0.430303 0.419835 0.029201 0.127273
1 0.400826 0.421074 0.029752 0.123140
1 0.373003 0.423140 0.029201 0.127273
1 0.345455 0.417769 0.026997 0.119835
1 0.314876 0.421488 0.038567 0.123967
1 0.282645 0.421074 0.032507 0.121488
1 0.200275 0.428512 0.022039 0.088430
1 0.168044 0.428512 0.034711 0.104959
1 0.123416 0.431405 0.039118 0.110744
1 0.056198 0.419835 0.038017 0.115702
1 0.934986 0.610331 0.047934 0.128099
1 0.880441 0.610331 0.046832 0.128099
1 0.839394 0.612810 0.042975 0.100000
1 0.798072 0.610331 0.050689 0.134711
1 0.759504 0.613636 0.046281 0.128099
1 0.691460 0.614050 0.053444 0.125620
1 0.602479 0.616942 0.036364 0.128099
1 0.573554 0.623554 0.042424 0.146281
1 0.541047 0.617355 0.029201 0.148760
1 0.516529 0.610331 0.033058 0.141322
1 0.487328 0.614050 0.023140 0.133884
1 0.431680 0.624793 0.034160 0.128926
1 0.398623 0.621074 0.026446 0.134711
1 0.370799 0.621901 0.025895 0.129752
1 0.342149 0.622314 0.034711 0.133884
1 0.316529 0.616116 0.034160 0.139669
1 0.282094 0.621488 0.036915 0.128926
1 0.251240 0.619008 0.034711 0.130579
1 0.214325 0.622314 0.029201 0.143802
1 0.189532 0.630579 0.030303 0.128926
1 0.160606 0.627686 0.028650 0.138017
1 0.130854 0.626446 0.034160 0.125620
1 0.099174 0.621074 0.026997 0.123140
1 0.876860 0.778099 0.027548 0.142975
1 0.844077 0.777273 0.046832 0.126446
1 0.809366 0.772727 0.044628 0.133884
1 0.780441 0.774793 0.040771 0.116529
1 0.752893 0.786364 0.029752 0.126446
1 0.720937 0.786364 0.038567 0.114876
1 0.523416 0.789256 0.028099 0.132231
1 0.548209 0.790496 0.026997 0.134711
1 0.493664 0.791736 0.031405 0.140496
1 0.461433 0.790083 0.034160 0.135537
1 0.409642 0.777686 0.036364 0.119008
1 0.357851 0.776860 0.031956 0.127273
1 0.329477 0.782231 0.030303 0.124793
1 0.301102 0.777273 0.028650 0.136364
1 0.271901 0.777686 0.031956 0.133884
1 0.224518 0.789256 0.034160 0.130579
1 0.078788 0.788843 0.034711 0.142975
1 0.044628 0.788430 0.024793 0.137190
1 0.151791 0.779339 0.027548 0.128926
1 0.632782 0.773554 0.029752 0.128926