1 0.042914 0.409494 0.054814 0.135399
1 0.078180 0.396175 0.069012 0.148516
1 0.133372 0.377842 0.064783 0.138665
1 0.165199 0.367618 0.062862 0.133448
1 0.240556 0.336046 0.057606 0.126148
1 0.272544 0.328323 0.054167 0.126248
1 0.305341 0.309152 0.058254 0.135300
1 0.331755 0.298963 0.055868 0.124709
1 0.360161 0.293535 0.052428 0.124808
1 0.386167 0.282655 0.059812 0.132963
1 0.418684 0.268302 0.048493 0.127672
1 0.447868 0.260850 0.050660 0.131507
1 0.474440 0.246749 0.050166 0.134273
1 0.501477 0.238449 0.050660 0.131507
1 0.533869 0.225002 0.054282 0.135185
1 0.563938 0.212916 0.051335 0.132519
1 0.590866 0.200810 0.047999 0.130438
1 0.645064 0.183304 0.053360 0.135556
1 0.677062 0.164454 0.051516 0.136297
1 0.703073 0.159989 0.052504 0.130766
1 0.755337 0.142833 0.060723 0.121473
1 0.887096 0.075759 0.054501 0.141942
1 0.831720 0.107427 0.048893 0.138206
1 0.065494 0.575816 0.061808 0.144139
1 0.108017 0.560009 0.074762 0.153050
1 0.151429 0.545983 0.071454 0.142829
1 0.189822 0.537396 0.080825 0.151040
1 0.255757 0.505762 0.081983 0.138169
1 0.296670 0.495308 0.068376 0.150483
1 0.336508 0.472451 0.066664 0.140904
1 0.373319 0.459794 0.071179 0.152351
1 0.414103 0.443831 0.063833 0.147175
1 0.453362 0.428907 0.069402 0.147931
1 0.490492 0.414840 0.064897 0.147603
1 0.527398 0.410700 0.052685 0.134544
1 0.553490 0.395508 0.050166 0.134273
1 0.582176 0.385261 0.049986 0.130495
1 0.609408 0.376455 0.050166 0.134273
1 0.635090 0.360572 0.046754 0.126233
1 0.665269 0.352293 0.058643 0.134716
1 0.696330 0.339380 0.052362 0.129969
1 0.777177 0.314586 0.036546 0.093973
1 0.808310 0.302073 0.051639 0.114858
1 0.851916 0.287542 0.056894 0.122157
1 0.914848 0.250270 0.056685 0.126519
1 0.098873 0.775446 0.068404 0.142343
1 0.151559 0.754270 0.067339 0.141916
1 0.191635 0.740729 0.058765 0.113277
1 0.231122 0.722292 0.072206 0.149800
1 0.268946 0.710511 0.066807 0.141702
1 0.334743 0.684494 0.073298 0.142088
1 0.421191 0.652743 0.057228 0.137852
1 0.450271 0.647900 0.066219 0.157767
1 0.480601 0.629292 0.053874 0.155028
1 0.503071 0.612989 0.056316 0.149341
1 0.531919 0.605244 0.045453 0.138306
1 0.587525 0.594017 0.055242 0.137795
1 0.618814 0.577591 0.048789 0.140388
1 0.645832 0.567588 0.047401 0.135384
1 0.673577 0.556864 0.056629 0.142798
1 0.697255 0.540931 0.057095 0.148172
1 0.731443 0.532751 0.057903 0.138864
1 0.760818 0.518377 0.056059 0.139605
1 0.797046 0.507239 0.053018 0.150239
1 0.822420 0.505597 0.051516 0.136297
1 0.849861 0.491573 0.051488 0.144437
1 0.878385 0.478824 0.054671 0.134601
1 0.908059 0.461336 0.047324 0.129425
1 0.183966 0.914931 0.051279 0.148798
1 0.215489 0.901406 0.067054 0.140319
1 0.248233 0.883539 0.066208 0.146648
1 0.276529 0.874305 0.059488 0.128387
1 0.305135 0.874787 0.050556 0.133688
1 0.336002 0.862380 0.057074 0.125934
1 0.527292 0.788491 0.049957 0.138634
1 0.503558 0.799314 0.049321 0.140602
1 0.556458 0.779336 0.054577 0.147901
1 0.587306 0.765226 0.056382 0.144181
1 0.635193 0.733145 0.055659 0.129070
1 0.685076 0.712240 0.052828 0.135343
1 0.713410 0.706412 0.050803 0.132305
1 0.739963 0.690607 0.051203 0.142840
1 0.768240 0.679670 0.053968 0.141728
1 0.816005 0.672450 0.055527 0.139391
1 0.956698 0.615474 0.058198 0.151579
1 0.982907 0.601814 0.034187 0.142141
1 0.884543 0.634636 0.048855 0.135228
1 0.418943 0.815783 0.050984 0.136084