5 0.832850 0.908054 0.050400 0.064883
5 0.758052 0.109880 0.042080 0.057519
5 0.792511 0.978930 0.049109 0.042141
5 0.876717 0.884178 0.051288 0.061908
5 0.796340 0.958281 0.057551 0.083438
5 0.874405 0.155548 0.046436 0.057414
5 0.550040 0.946642 0.056789 0.106717
5 0.799771 0.127090 0.037603 0.056036
5 0.914543 0.171831 0.043838 0.057181
5 0.800464 0.946016 0.049262 0.059959
5 0.834654 0.141076 0.046723 0.060692
5 0.834347 0.966535 0.051412 0.066930
5 0.589594 0.760245 0.054095 0.097550
5 0.666954 0.971795 0.056604 0.056411
5 0.589399 0.954039 0.056269 0.091922
5 0.951699 0.186612 0.045294 0.057500
5 0.831348 0.985991 0.043578 0.028019
5 0.672577 0.420133 0.042733 0.058633
5 0.838152 0.960079 0.042290 0.054516
5 0.632810 0.777215 0.053621 0.094898
5 0.707705 0.435145 0.042770 0.061311
5 0.904392 0.486735 0.061027 0.079392
5 0.395979 0.305438 0.042192 0.060146
5 0.628345 0.960239 0.055725 0.079522
5 0.751639 0.969516 0.050983 0.060967
5 0.194797 0.023021 0.048381 0.046043
5 0.471501 0.922304 0.054074 0.107842
5 0.877550 0.977043 0.051907 0.045915
5 0.543793 0.737358 0.063502 0.105203
5 0.993632 0.466240 0.012736 0.075839
5 0.601831 0.044946 0.043026 0.054102
5 0.915417 0.427264 0.061560 0.082278
5 0.510840 0.932828 0.056338 0.113049
5 0.327671 0.261676 0.046168 0.083583
5 0.746318 0.445277 0.045882 0.067694
5 0.882052 0.932562 0.058575 0.068608
5 0.763977 0.691571 0.063444 0.070823
5 0.641147 0.061192 0.043222 0.054827
5 0.351624 0.866011 0.061421 0.131526
5 0.570467 0.363316 0.046340 0.085203
5 0.605744 0.376050 0.047708 0.086489
5 0.819240 0.714717 0.063496 0.071026
5 0.455924 0.704581 0.052647 0.096867
5 0.874878 0.737209 0.064647 0.070202
5 0.362481 0.276255 0.048578 0.090046
5 0.721878 0.094529 0.034286 0.050889
5 0.754649 0.392568 0.047015 0.067331
5 0.708892 0.953690 0.048282 0.059998
5 0.432324 0.890968 0.058807 0.137419
5 0.676988 0.074770 0.046215 0.054664
5 0.479830 0.011425 0.043001 0.022850
5 0.669916 0.792433 0.046542 0.091378
5 0.498719 0.722302 0.054361 0.099649
5 0.866219 0.784125 0.063378 0.065803
5 0.983924 0.202574 0.032152 0.058320
5 0.798787 0.445774 0.066019 0.086433
5 0.148497 0.039982 0.059475 0.079964
5 0.393502 0.876012 0.061640 0.139510
5 0.438755 0.266439 0.044176 0.072407
5 0.710988 0.937000 0.056341 0.094125
5 0.449895 0.160862 0.071143 0.088291
5 0.475788 0.898514 0.044784 0.059327
5 0.701451 0.713711 0.057992 0.064104
5 0.292092 0.250370 0.050075 0.089607
5 0.054927 0.271721 0.055930 0.053364
5 0.967169 0.450696 0.062701 0.084600
5 0.753480 0.738760 0.065141 0.069320
5 0.506933 0.298323 0.040580 0.061481
5 0.875843 0.981027 0.051620 0.037946
5 0.189249 0.606841 0.056042 0.082743
5 0.639681 0.393466 0.044524 0.081658
5 0.750779 0.975676 0.045358 0.048647
5 0.683078 0.797372 0.040918 0.089337
5 0.743671 0.453526 0.044651 0.057186
5 0.956894 0.510538 0.063648 0.077189
5 0.863618 0.403924 0.063051 0.084427
5 0.757645 0.935028 0.048449 0.054695
5 0.719298 0.557436 0.029400 0.043247
5 0.468881 0.307188 0.052774 0.112799
5 0.289213 0.263691 0.044424 0.061707
5 0.403762 0.258258 0.041893 0.063263
5 0.153877 0.013035 0.049318 0.026071
5 0.542101 0.312081 0.040920 0.058687
5 0.239629 0.815294 0.070156 0.133978
5 0.838740 0.952611 0.042472 0.054587
5 0.283073 0.821191 0.053964 0.106097
5 0.104033 0.031068 0.067028 0.062137
5 0.715490 0.957476 0.033537 0.051536
5 0.537654 0.338412 0.050884 0.111354
5 0.990624 0.526421 0.018753 0.066063
5 0.060222 0.685377 0.063762 0.090281
5 0.011314 0.549100 0.022627 0.053751
5 0.471849 0.290164 0.045156 0.077141
5 0.021167 0.459653 0.042334 0.048920
5 0.047298 0.268166 0.039015 0.044238
5 0.882989 0.272993 0.048958 0.071378
5 0.209098 0.561941 0.029767 0.042246
5 0.235608 0.019486 0.038404 0.038971
5 0.223587 0.087005 0.035098 0.038730
5 0.540216 0.322797 0.045919 0.080958
5 0.676457 0.795806 0.053205 0.094227
5 0.771352 0.851565 0.049562 0.061912
5 0.330742 0.630754 0.066536 0.144668
5 0.502244 0.322741 0.049619 0.114528
5 0.782675 0.119584 0.027194 0.050533
5 0.743912 0.464993 0.038390 0.036071
5 0.242108 0.243281 0.065814 0.067447
5 0.477700 0.864470 0.044869 0.064272
5 0.404706 0.249784 0.040117 0.054960
5 0.819609 0.767296 0.043215 0.053474
5 0.191833 0.047151 0.059991 0.094301
5 0.429603 0.315814 0.041737 0.060661
5 0.809752 0.763451 0.062072 0.061038
5 0.184996 0.552481 0.026584 0.042161
5 0.716759 0.091588 0.045918 0.056569
5 0.295075 0.230296 0.041692 0.049271
5 0.664234 0.787995 0.033024 0.086240
5 0.748900 0.427516 0.046863 0.065216
5 0.729247 0.832492 0.048303 0.059684
5 0.853986 0.466383 0.060102 0.079660
5 0.930092 0.759737 0.063663 0.065693
5 0.678454 0.080648 0.039664 0.047603
5 0.435018 0.873306 0.052181 0.108817
5 0.714510 0.915222 0.047753 0.051049
5 0.919114 0.803069 0.055013 0.057850
5 0.880749 0.952526 0.060960 0.092944
2 0.329646 0.631426 0.066947 0.143752
5 0.994436 0.389333 0.011127 0.050937
5 0.468045 0.944014 0.044190 0.065399
5 0.429935 0.907971 0.052157 0.101537
5 0.903332 0.495329 0.056453 0.062009
5 0.815321 0.734148 0.071328 0.111479
5 0.764411 0.893865 0.046359 0.054560
5 0.513937 0.186714 0.073013 0.085859
5 0.556349 0.027848 0.038778 0.047424
5 0.964026 0.643777 0.062309 0.077995
5 0.842571 0.601376 0.072462 0.078469
5 0.373896 0.648921 0.066627 0.144423
5 0.521099 0.018093 0.040049 0.036187
5 0.576623 0.033994 0.021381 0.044663
5 0.718861 0.596555 0.058181 0.059516
5 0.112369 0.696107 0.058249 0.070885
5 0.330811 0.245922 0.038753 0.049365