3 0.248760 0.250826 0.138843 0.136364
3 0.395868 0.255372 0.124518 0.130579
3 0.526997 0.248347 0.135537 0.136364
3 0.664187 0.247521 0.138843 0.136364
3 0.791460 0.244215 0.126722 0.134711
3 0.904408 0.254959 0.103581 0.119835
3 0.898347 0.072314 0.170799 0.144628
3 0.733609 0.067355 0.156474 0.133058
3 0.579339 0.067769 0.134435 0.135537
3 0.446006 0.071074 0.130028 0.140496
3 0.305510 0.069835 0.137741 0.139669
3 0.172727 0.071901 0.125620 0.143802
3 0.109366 0.428512 0.135537 0.142975
3 0.247658 0.424380 0.136639 0.142975
3 0.382094 0.425207 0.130028 0.142975
3 0.513774 0.421901 0.133333 0.142975
3 0.647107 0.421901 0.135537 0.142975
3 0.777135 0.426446 0.135537 0.143802
3 0.917631 0.422314 0.149862 0.148760
3 0.122590 0.607851 0.146556 0.139669
3 0.258127 0.600826 0.137741 0.145455
3 0.388154 0.604132 0.122314 0.150413
3 0.523691 0.603719 0.128926 0.152893
3 0.659780 0.601653 0.134435 0.153719
3 0.794766 0.604132 0.133333 0.150413
3 0.923691 0.603306 0.117906 0.153719
3 0.777686 0.781818 0.143251 0.143802
3 0.913774 0.776860 0.115702 0.133884
9 0.485675 0.842149 0.405510 0.038017