3 0.194885 0.287332 0.168306 0.152375
3 0.340811 0.272650 0.152859 0.144812
3 0.468321 0.248654 0.165050 0.151944
3 0.603236 0.229974 0.168306 0.152375
3 0.727810 0.210142 0.155987 0.149168
3 0.841530 0.206013 0.129753 0.131504
3 0.793273 0.054635 0.201690 0.109270
3 0.629889 0.059606 0.184904 0.119211
3 0.478059 0.069748 0.163774 0.139496
3 0.347517 0.084622 0.160582 0.155296
3 0.208868 0.101700 0.167986 0.155486
3 0.078581 0.121028 0.157006 0.157978
3 0.098749 0.480473 0.166581 0.158455
3 0.233983 0.458393 0.167666 0.158598
3 0.366568 0.441699 0.161156 0.157737
3 0.495482 0.421294 0.164410 0.158168
3 0.626790 0.403929 0.166581 0.158455
3 0.755895 0.391470 0.166773 0.159269
3 0.893300 0.369104 0.182028 0.166017
3 0.153295 0.655365 0.176667 0.156634
3 0.285146 0.630795 0.169326 0.161184
3 0.413963 0.617116 0.155281 0.164058
3 0.547345 0.599058 0.162367 0.167361
3 0.680888 0.579300 0.167983 0.168892
3 0.814398 0.564161 0.166133 0.165493
3 0.932660 0.546557 0.134680 0.166739
3 0.838717 0.741372 0.174369 0.160274
3 0.949559 0.718766 0.100882 0.146919
9 0.565111 0.838817 0.408151 0.090251