3 0.343309 0.210547 0.181170 0.158669
3 0.483835 0.243494 0.165337 0.150300
3 0.612921 0.262162 0.177977 0.158027
3 0.745721 0.287995 0.181170 0.158669
3 0.869798 0.309507 0.168892 0.154719
3 0.952244 0.341810 0.095513 0.135858
3 0.962460 0.164212 0.075080 0.172854
3 0.874951 0.127444 0.197059 0.158898
3 0.725795 0.097898 0.176627 0.157014
3 0.595865 0.077841 0.174081 0.155683
3 0.460584 0.063781 0.181246 0.127563
3 0.331612 0.052302 0.170965 0.104603
3 0.147346 0.355120 0.180258 0.164413
3 0.282352 0.377974 0.181323 0.164627
3 0.411922 0.404868 0.174937 0.163344
3 0.540256 0.427236 0.178129 0.163985
3 0.669046 0.453118 0.180258 0.164413
3 0.793075 0.482748 0.180544 0.165212
3 0.916082 0.506029 0.167836 0.172781
3 0.098231 0.530915 0.189761 0.163359
3 0.231574 0.550439 0.183243 0.167236
3 0.356030 0.578873 0.170053 0.169031
3 0.487091 0.604784 0.177295 0.172710
3 0.619256 0.629205 0.182901 0.174577
3 0.748787 0.657802 0.180696 0.171170
3 0.873604 0.682030 0.166936 0.171368
3 0.670971 0.826118 0.187995 0.166709
3 0.804133 0.847746 0.157962 0.151781
9 0.368090 0.827710 0.404812 0.115437