1 0.348705 0.747561 0.100257 0.118751
1 0.121088 0.705677 0.095305 0.095677
1 0.279788 0.725042 0.099973 0.116425
1 0.760078 0.523320 0.056762 0.057013
1 0.543299 0.814382 0.070913 0.078205
1 0.773773 0.471711 0.062475 0.061657
1 0.481686 0.784109 0.099418 0.112439
1 0.808680 0.533489 0.056255 0.060435
1 0.343963 0.209911 0.102419 0.098719
1 0.422426 0.233937 0.088620 0.090514
1 0.451235 0.979209 0.063812 0.041582
1 0.073779 0.812386 0.104632 0.100753
1 0.058206 0.323442 0.070480 0.079103
1 0.608392 0.766171 0.067066 0.070330
1 0.162132 0.821169 0.104665 0.079098
1 0.942433 0.480328 0.093298 0.063375
1 0.235047 0.010938 0.133730 0.021876
1 0.717924 0.403632 0.047461 0.040903
1 0.034165 0.859372 0.068330 0.077663
1 0.124090 0.631118 0.090625 0.090962
1 0.090611 0.248343 0.090721 0.074725
1 0.416837 0.765060 0.086289 0.114716
1 0.197681 0.720998 0.095542 0.099080
1 0.812656 0.436750 0.061686 0.053467
1 0.981984 0.581133 0.036031 0.053960
1 0.421579 0.744832 0.073023 0.073816
1 0.751873 0.434572 0.053217 0.041458
1 0.927894 0.571490 0.073979 0.056190
1 0.524440 0.427944 0.118151 0.128787
1 0.491279 0.256893 0.084663 0.079241
1 0.106966 0.877399 0.113945 0.090965
1 0.190955 0.516449 0.059703 0.069470
1 0.597023 0.826454 0.064014 0.071186
1 0.680815 0.101327 0.119553 0.090327
1 0.621739 0.379444 0.084334 0.049434
5 0.722648 0.445144 0.054615 0.053646
1 0.865587 0.137023 0.125119 0.120652
1 0.941277 0.376662 0.083623 0.081647
1 0.545472 0.804297 0.080989 0.098741
1 0.808554 0.450899 0.058353 0.045014
1 0.718144 0.481301 0.056836 0.039605
1 0.676048 0.434605 0.056542 0.054449
1 0.142373 0.132486 0.085022 0.047435
1 0.930165 0.325409 0.053621 0.040533
1 0.927965 0.541459 0.119087 0.117097