5 0.713308 0.372047 0.054774 0.048781
5 0.731054 0.285263 0.061721 0.051961
5 0.684021 0.289702 0.059177 0.055186
5 0.243777 0.654058 0.061779 0.041120
5 0.745318 0.367078 0.045475 0.047530
5 0.799611 0.356923 0.046140 0.047489
5 0.852526 0.343815 0.052502 0.057370
5 0.623863 0.301066 0.057279 0.055140
5 0.771910 0.362849 0.042188 0.045776
5 0.779032 0.276680 0.048817 0.047251
5 0.824774 0.352486 0.047950 0.048151
0 0.267674 0.441700 0.061656 0.069216
5 0.784010 0.276653 0.042533 0.046155
0 0.300550 0.435808 0.058635 0.069211
5 0.767687 0.278821 0.051872 0.048245
5 0.567889 0.387503 0.055811 0.069723
5 0.605487 0.304598 0.046026 0.054207
5 0.760387 0.279281 0.041149 0.047403
5 0.354209 0.493403 0.037389 0.022495
5 0.198219 0.661563 0.053081 0.036600
5 0.152929 0.567828 0.045703 0.040901
5 0.627414 0.379048 0.054866 0.066463
0 0.062853 0.478480 0.051240 0.065609
0 0.089803 0.474073 0.048960 0.065201
0 0.122281 0.467455 0.055984 0.062928
0 0.150274 0.461843 0.051841 0.061835
0 0.177712 0.454089 0.052615 0.069030
0 0.206831 0.450518 0.059763 0.071013
0 0.359937 0.423980 0.056424 0.073239
0 0.416647 0.413034 0.050029 0.067862
0 0.510626 0.395226 0.052809 0.070829
0 0.480733 0.402196 0.049348 0.068799
0 0.334874 0.525833 0.048114 0.060463
0 0.586246 0.571986 0.057330 0.070226
0 0.616102 0.566448 0.055019 0.073694
0 0.668714 0.560512 0.059651 0.072051
0 0.695873 0.555864 0.052310 0.068270
0 0.724931 0.549858 0.054773 0.065182
0 0.783050 0.540901 0.056595 0.064449
0 0.816043 0.534803 0.050436 0.062289
0 0.841532 0.532083 0.046292 0.061197
0 0.874310 0.523172 0.051740 0.068168
0 0.903979 0.518686 0.053145 0.067713
0 0.355329 0.610183 0.060314 0.080286
0 0.279840 0.623058 0.069589 0.082295
0 0.169999 0.764094 0.072910 0.089240
0 0.208698 0.760033 0.065680 0.084419
0 0.257426 0.750513 0.076330 0.089851
0 0.319364 0.739652 0.073469 0.084047
0 0.429286 0.718181 0.068694 0.090603
0 0.392390 0.731291 0.066333 0.087359
0 0.468796 0.720697 0.065099 0.079023
0 0.504048 0.713380 0.070078 0.079560
0 0.539436 0.697280 0.083907 0.096850
0 0.581281 0.687360 0.072421 0.091975
0 0.627638 0.680301 0.075660 0.096082
0 0.664147 0.674594 0.076535 0.096944
0 0.705677 0.669211 0.079527 0.092539
0 0.748780 0.660900 0.074590 0.093421
0 0.859486 0.642141 0.072421 0.091975
0 0.898195 0.632781 0.080913 0.101254
0 0.968444 0.620934 0.063112 0.088527