5 0.729222 0.384929 0.049959 0.047375
5 0.758246 0.299506 0.056748 0.050237
5 0.710811 0.301196 0.053599 0.053783
5 0.224613 0.638583 0.058445 0.038888
5 0.761760 0.381839 0.040416 0.046689
5 0.817174 0.374878 0.041118 0.046602
5 0.871601 0.364894 0.046284 0.056516
5 0.649396 0.309021 0.051620 0.053861
5 0.788804 0.379172 0.037241 0.045074
5 0.807163 0.293744 0.043955 0.046174
5 0.842822 0.371920 0.042912 0.047173
0 0.276179 0.428422 0.054076 0.068298
5 0.812125 0.294007 0.037545 0.045448
0 0.309700 0.424463 0.050915 0.068496
5 0.795581 0.295218 0.047002 0.047008
5 0.582336 0.391876 0.047883 0.069221
5 0.630628 0.311471 0.039984 0.053640
5 0.788249 0.295252 0.035907 0.046847
5 0.355627 0.484956 0.035733 0.021033
5 0.178247 0.643412 0.050025 0.034740
5 0.145383 0.547402 0.041656 0.039736
5 0.642740 0.386912 0.047385 0.065873
0 0.067329 0.453159 0.043720 0.065222
0 0.094753 0.450335 0.041395 0.064949
0 0.127972 0.445630 0.049090 0.062099
0 0.156593 0.441666 0.044919 0.061232
0 0.184940 0.435536 0.044643 0.068710
0 0.214415 0.433670 0.051824 0.070306
0 0.370408 0.416131 0.047994 0.072860
0 0.428333 0.408522 0.042113 0.067662
0 0.524281 0.396242 0.044574 0.070580
0 0.493591 0.401449 0.041258 0.068688
0 0.332125 0.516139 0.041226 0.060047
0 0.576508 0.576724 0.049397 0.069645
0 0.606974 0.572942 0.046455 0.073430
0 0.660162 0.570086 0.051550 0.071400
0 0.687825 0.567034 0.044438 0.067935
0 0.717557 0.562739 0.047482 0.064539
0 0.776626 0.557193 0.049500 0.063649
0 0.810291 0.553035 0.043380 0.061802
0 0.836038 0.551807 0.039208 0.060937
0 0.869857 0.544835 0.043857 0.067867
0 0.899999 0.542090 0.045396 0.067297
0 0.341476 0.601357 0.051001 0.079973
0 0.264591 0.609797 0.060404 0.081454
0 0.136732 0.743913 0.062831 0.088498
0 0.175815 0.742116 0.055993 0.083939
0 0.225601 0.735464 0.066318 0.088908
0 0.288724 0.728243 0.064200 0.083027
0 0.401034 0.713242 0.058214 0.090208
0 0.362565 0.724158 0.056232 0.086972
0 0.440065 0.718044 0.056199 0.078330
0 0.476139 0.712804 0.061328 0.078558
0 0.513498 0.698821 0.073190 0.095725
0 0.556480 0.691370 0.061907 0.091393
0 0.603583 0.687032 0.064676 0.095475
0 0.640699 0.683468 0.065462 0.096318
0 0.682775 0.680519 0.069258 0.091507
0 0.726800 0.674744 0.063958 0.092762
0 0.839537 0.662489 0.061907 0.091393
0 0.879322 0.655415 0.069393 0.100535
0 0.953745 0.647864 0.058762 0.088020