9 0.209298 0.115289 0.162397 0.042149
9 0.484814 0.115289 0.113430 0.037190
9 0.799690 0.655785 0.269628 0.194215
9 0.828202 0.896281 0.078719 0.189256
9 0.579339 0.888843 0.141322 0.204132
3 0.057128 0.202479 0.112190 0.171901
3 0.174897 0.211983 0.107231 0.147934
3 0.270661 0.212397 0.090496 0.148760
3 0.365806 0.197521 0.099793 0.171901
3 0.446384 0.211570 0.072521 0.138843
3 0.519215 0.209917 0.071901 0.142149
3 0.617769 0.178926 0.091736 0.197521
3 0.776756 0.205785 0.075000 0.148760
3 0.848037 0.196694 0.084917 0.163636
3 0.942252 0.190083 0.091116 0.181818
3 0.210227 0.429339 0.110950 0.185950
3 0.108574 0.435537 0.093595 0.170248
3 0.316529 0.440909 0.092975 0.166116
3 0.422211 0.441736 0.071281 0.169421
3 0.508058 0.429339 0.106612 0.189256
3 0.626446 0.427686 0.112810 0.189256
3 0.734917 0.424793 0.110331 0.183471
3 0.843079 0.425207 0.112190 0.185950
3 0.954236 0.419008 0.091528 0.200000
3 0.067355 0.671074 0.125207 0.200000
3 0.195351 0.667769 0.082438 0.153719
3 0.266322 0.677686 0.100413 0.173554
3 0.359298 0.664876 0.086777 0.176033
3 0.443285 0.664876 0.091116 0.187603
3 0.528822 0.667355 0.094835 0.182645
3 0.610950 0.662810 0.086777 0.163636
3 0.717252 0.896281 0.127066 0.199174
3 0.930475 0.897107 0.112190 0.195868
3 0.457851 0.892562 0.086777 0.178512
3 0.368905 0.900000 0.081198 0.170248
3 0.292045 0.878512 0.077479 0.148760
3 0.210227 0.900000 0.097314 0.165289