5 0.851164 0.834279 0.069445 0.097045
5 0.778036 0.841993 0.069746 0.088077
5 0.788011 0.906493 0.060463 0.076170
5 0.677317 0.935272 0.058528 0.070560
5 0.845474 0.900630 0.055385 0.060263
5 0.730986 0.915898 0.063761 0.085412
5 0.070323 0.575236 0.029845 0.056466
5 0.657443 0.867678 0.067870 0.085790
5 0.289013 0.941007 0.052419 0.068484
5 0.198564 0.963398 0.056489 0.073204
5 0.244797 0.958538 0.058940 0.082924
5 0.449404 0.763634 0.077123 0.137212
5 0.125262 0.561705 0.044225 0.060029
5 0.902408 0.056947 0.071710 0.113894
5 0.439371 0.914177 0.071690 0.079988
5 0.093503 0.568958 0.032936 0.057287
5 0.447758 0.971446 0.062139 0.057107
5 0.619341 0.948573 0.061064 0.072710
5 0.928521 0.814333 0.037506 0.066138
5 0.775957 0.406536 0.057880 0.071813
5 0.095298 0.844928 0.071000 0.099690
5 0.158958 0.248014 0.067606 0.129508
5 0.746871 0.135525 0.048184 0.066775
0 0.205709 0.204558 0.074811 0.185557
0 0.027768 0.251703 0.055537 0.188190
0 0.257433 0.191138 0.072047 0.182542
0 0.303627 0.181118 0.067414 0.187761
0 0.349731 0.172796 0.070000 0.180483
0 0.400270 0.157557 0.076211 0.196138
0 0.450199 0.149595 0.074667 0.193409
0 0.502409 0.132705 0.074164 0.194079
0 0.548083 0.113995 0.069424 0.198485
0 0.600722 0.107494 0.073877 0.196377
0 0.645785 0.097124 0.073877 0.194248
0 0.700813 0.085640 0.073554 0.171279
0 0.846850 0.357613 0.037942 0.116956
0 0.873098 0.351442 0.042896 0.127584
0 0.898968 0.349556 0.046163 0.129929
0 0.935450 0.335105 0.047600 0.131844
0 0.962003 0.321729 0.040668 0.142044
0 0.830735 0.623650 0.055170 0.180151
0 0.879996 0.651092 0.056685 0.124517
0 0.909996 0.642360 0.043362 0.135580
0 0.936316 0.639110 0.048317 0.132802
0 0.970482 0.628559 0.039952 0.127681
0 0.695907 0.644020 0.030189 0.085167
0 0.734864 0.641154 0.054174 0.101058
0 0.780393 0.652270 0.046200 0.121263
0 0.579454 0.727205 0.090079 0.122117
0 0.664088 0.698495 0.105949 0.139254
0 0.307137 0.788290 0.082110 0.102106
0 0.386259 0.758359 0.062395 0.114031
0 0.221804 0.804575 0.092486 0.117951
0 0.151140 0.812797 0.058518 0.111542
0 0.274400 0.524087 0.066422 0.068451
0 0.326669 0.450537 0.056476 0.069267
0 0.334023 0.510908 0.059062 0.061989
0 0.377315 0.443245 0.059240 0.072283
0 0.430170 0.431239 0.066062 0.074675
0 0.382713 0.500721 0.055542 0.066682
0 0.431744 0.488353 0.068001 0.075920
0 0.483755 0.479482 0.055757 0.068309
0 0.530542 0.466804 0.059205 0.067543
0 0.581116 0.456593 0.056583 0.070081
0 0.628047 0.442622 0.057517 0.072666
0 0.674385 0.431308 0.062076 0.071372