2 0.147520 0.414190 0.166019 0.173091
2 0.280055 0.357436 0.165436 0.244715
2 0.418976 0.346594 0.165082 0.197317
2 0.548440 0.302310 0.140053 0.204838
2 0.648206 0.295220 0.129610 0.152702
2 0.739391 0.285111 0.138119 0.163377
2 0.826556 0.254128 0.118334 0.165823
2 0.919822 0.250244 0.115929 0.156583
2 0.202692 0.724310 0.169631 0.303268
2 0.315439 0.708293 0.099408 0.188185
2 0.391044 0.670797 0.090613 0.166403
2 0.477686 0.652525 0.115963 0.174728
2 0.552302 0.619457 0.070722 0.141224
2 0.624187 0.610949 0.116681 0.175686
2 0.688874 0.586090 0.089933 0.143374
2 0.767959 0.572532 0.066198 0.147258
2 0.813652 0.549201 0.092371 0.170759
2 0.882218 0.517976 0.071225 0.140553
2 0.531357 0.904211 0.116355 0.191579
2 0.415376 0.932255 0.106592 0.135491
2 0.299001 0.951707 0.153775 0.096586
2 0.632744 0.849366 0.108204 0.196562
2 0.744631 0.819705 0.104472 0.186221
2 0.825710 0.792670 0.102173 0.191202
2 0.941658 0.710444 0.105330 0.219544