5 0.052806 0.426465 0.075412 0.104451
5 0.679609 0.342860 0.071532 0.102568
5 0.786679 0.789814 0.072229 0.100411
5 0.109881 0.901285 0.066682 0.097844
5 0.014996 0.433163 0.029992 0.099424
5 0.089942 0.805919 0.075797 0.117342
5 0.700909 0.233152 0.063783 0.075785
5 0.738359 0.794733 0.068203 0.100332
5 0.632187 0.350034 0.074073 0.103598
5 0.550010 0.605961 0.064546 0.071568
5 0.258001 0.639648 0.062873 0.084660
5 0.591287 0.586906 0.063896 0.099389
5 0.686858 0.572998 0.066783 0.098291
5 0.873867 0.025131 0.054335 0.050261
6 0.176767 0.170790 0.070623 0.102151
5 0.639777 0.580363 0.074614 0.105124
5 0.647101 0.813055 0.068019 0.100801
5 0.671720 0.124997 0.065186 0.070625
5 0.126579 0.178696 0.074732 0.101144
5 0.188658 0.407568 0.073379 0.100549
5 0.473411 0.135762 0.068440 0.098517
5 0.559774 0.266954 0.070439 0.104346
5 0.227053 0.165105 0.075972 0.103655
5 0.209604 0.640600 0.072354 0.098084
5 0.895638 0.083118 0.049373 0.097567
5 0.006082 0.200472 0.012165 0.098188
6 0.126396 0.178349 0.075822 0.101694
5 0.859544 0.088458 0.069825 0.098012
5 0.901217 0.096551 0.037028 0.064418
5 0.276990 0.162344 0.066812 0.093596
5 0.572053 0.136034 0.064509 0.071954
5 0.416415 0.114178 0.058507 0.047709
5 0.359995 0.868325 0.062283 0.081511
5 0.953829 0.309642 0.037142 0.084993
5 0.423300 0.141112 0.073649 0.101875
5 0.026056 0.169999 0.052111 0.055877
5 0.108090 0.094725 0.069739 0.091044
5 0.582352 0.357129 0.072106 0.101510
6 0.276054 0.159215 0.070089 0.101288
5 0.693267 0.802272 0.066676 0.098115
5 0.109105 0.419538 0.077315 0.100202
6 0.323589 0.152378 0.075425 0.102673
5 0.460507 0.278933 0.071236 0.101903
5 0.407756 0.613734 0.063712 0.095496
5 0.326823 0.529537 0.054932 0.090330
5 0.608006 0.257688 0.070246 0.102733
5 0.307175 0.627963 0.066297 0.095874
6 0.155029 0.085503 0.068520 0.093167
5 0.503410 0.831931 0.069868 0.101458
5 0.599834 0.817039 0.068151 0.101606
5 0.031544 0.193456 0.063088 0.100833
5 0.731662 0.567009 0.069833 0.100052
5 0.020346 0.106620 0.040692 0.096884
5 0.554247 0.839269 0.065794 0.077421
5 0.292941 0.982415 0.061920 0.035170
5 0.233984 0.543200 0.066155 0.091524
5 0.187135 0.552375 0.064730 0.087452
5 0.672962 0.316712 0.056202 0.049643
5 0.428955 0.522000 0.063647 0.082810
5 0.756679 0.470603 0.068738 0.097412
5 0.522004 0.133313 0.064137 0.093351
5 0.604550 0.243205 0.062371 0.072623
5 0.731397 0.349010 0.064735 0.071570
5 0.546633 0.592060 0.072160 0.100358
5 0.380212 0.521970 0.066022 0.095015
5 0.708035 0.478867 0.070858 0.102942
5 0.385355 0.381749 0.070234 0.100864
5 0.176423 0.170885 0.071144 0.102996
5 0.281639 0.396538 0.060261 0.095571
5 0.155418 0.085723 0.069211 0.093481
5 0.323821 0.152583 0.072560 0.101501
6 0.005988 0.200326 0.011975 0.097704
5 0.506388 0.845739 0.061501 0.074396
5 0.652058 0.235513 0.061659 0.069779
5 0.236825 0.402392 0.071620 0.098500
5 0.838126 0.787013 0.074550 0.105854
6 0.226444 0.165579 0.077544 0.104823
5 0.591672 0.023769 0.062498 0.047538
6 0.522322 0.132556 0.065187 0.092670
5 0.654900 0.248635 0.068500 0.096451
5 0.727810 0.336339 0.070362 0.103484
5 0.138857 0.555854 0.068849 0.095925
5 0.339606 0.765543 0.080410 0.117915
5 0.501801 0.609089 0.062650 0.076069
5 0.355230 0.625884 0.068706 0.085236
5 0.640423 0.016251 0.060461 0.032501
5 0.075148 0.187609 0.068117 0.099235
6 0.596034 0.041499 0.070821 0.082997
5 0.779890 0.559884 0.071181 0.100394
5 0.054731 0.100549 0.070779 0.097653
5 0.533205 0.367285 0.066040 0.090728
6 0.030548 0.189750 0.061096 0.093369
5 0.134525 0.799012 0.069215 0.113097
5 0.206721 0.080374 0.074079 0.096037
5 0.895499 0.230468 0.068799 0.108946
5 0.431997 0.744956 0.076102 0.104832
5 0.789361 0.028817 0.068452 0.057634
5 0.510361 0.272274 0.071067 0.100698
5 0.375259 0.145945 0.069819 0.100050
5 0.411335 0.847664 0.077601 0.102957
6 0.256960 0.074683 0.071244 0.096081
5 0.162888 0.318869 0.073709 0.100593
6 0.400308 0.056717 0.073474 0.103437
6 0.108018 0.093588 0.070503 0.095086
6 0.021013 0.107176 0.042027 0.098601
6 0.304494 0.068390 0.069515 0.094933
5 0.524360 0.502616 0.069880 0.092177
5 0.882210 0.941004 0.056188 0.037808
5 0.111062 0.654060 0.071797 0.100860
9 0.035980 0.338133 0.071960 0.096603