5 0.136142 0.291610 0.085650 0.105986
5 0.751328 0.414512 0.081675 0.103900
5 0.156466 0.053842 0.060678 0.098568
5 0.596512 0.853528 0.082081 0.101868
5 0.082800 0.280346 0.073784 0.100327
5 0.832451 0.321835 0.070889 0.077529
5 0.549947 0.842670 0.078188 0.101511
5 0.704307 0.405983 0.084253 0.105070
5 0.485617 0.611884 0.071103 0.073515
5 0.201984 0.549859 0.071109 0.086026
5 0.533763 0.607699 0.073917 0.100303
5 0.628217 0.625386 0.076565 0.099444
6 0.392558 0.099181 0.080747 0.103434
5 0.581397 0.617138 0.084964 0.106580
5 0.456915 0.830350 0.078068 0.101952
5 0.866942 0.214561 0.071604 0.072650
5 0.342618 0.090438 0.084585 0.102750
5 0.269913 0.317544 0.083207 0.102081
5 0.681147 0.161461 0.078191 0.099777
5 0.685493 0.307735 0.080840 0.105538
5 0.441336 0.109967 0.086091 0.105257
5 0.157584 0.535382 0.081913 0.099632
5 0.195030 0.062851 0.079446 0.099554
6 0.342647 0.090066 0.085704 0.103356
5 0.186216 0.009220 0.059756 0.018440
5 0.162905 0.034072 0.045272 0.058479
5 0.488151 0.123294 0.076013 0.094919
5 0.770394 0.192973 0.071115 0.073885
5 0.641653 0.123833 0.062329 0.050084
5 0.165564 0.789440 0.070151 0.082947
5 0.225841 0.014003 0.082030 0.028006
5 0.632717 0.150426 0.083631 0.103379
5 0.253161 0.049558 0.064091 0.058016
5 0.373178 0.027403 0.078521 0.054805
5 0.655143 0.396618 0.082098 0.102919
6 0.489066 0.120161 0.080125 0.102565
5 0.504832 0.835210 0.076440 0.099268
5 0.191068 0.303177 0.086959 0.102020
6 0.535999 0.129031 0.085443 0.104272
5 0.588777 0.287127 0.081307 0.103238
5 0.352310 0.573840 0.073259 0.096536
5 0.149280 0.074122 0.045752 0.056478
5 0.326404 0.471878 0.064151 0.090942
5 0.734427 0.314625 0.080455 0.103970
5 0.253135 0.554855 0.075798 0.097080
6 0.420916 0.031153 0.077607 0.062306
5 0.316051 0.801912 0.079933 0.102714
5 0.411832 0.818978 0.078295 0.102737
5 0.244438 0.072388 0.081257 0.102212
6 0.226225 0.014484 0.082761 0.028968
5 0.672198 0.634159 0.079725 0.101355
5 0.273970 0.018018 0.078859 0.036036
5 0.357990 0.824677 0.073031 0.079247
5 0.032186 0.888413 0.064373 0.074041
5 0.234565 0.454835 0.075123 0.092875
5 0.186935 0.448301 0.073246 0.088848
5 0.760038 0.388707 0.060345 0.051789
5 0.423215 0.497420 0.071627 0.084296
5 0.749195 0.554716 0.078343 0.098733
5 0.726567 0.174643 0.073402 0.094496
5 0.739456 0.300404 0.069136 0.074381
5 0.794798 0.436501 0.071286 0.073530
5 0.490389 0.598216 0.082007 0.101812
5 0.379055 0.481944 0.075426 0.096232
5 0.700451 0.546787 0.081071 0.104214
5 0.462729 0.356490 0.080212 0.102167
5 0.392193 0.099159 0.081353 0.104286
5 0.360398 0.337019 0.069939 0.096367
5 0.421144 0.031403 0.078313 0.062805
5 0.536094 0.129291 0.082535 0.102943
6 0.194722 0.062581 0.079852 0.099120
5 0.310969 0.815370 0.068516 0.076031
5 0.786847 0.308491 0.068097 0.071589
5 0.316483 0.328120 0.081257 0.099983
5 0.644717 0.867296 0.084992 0.107279
6 0.440517 0.110205 0.087752 0.106493
5 0.856474 0.089341 0.068367 0.067444
6 0.727283 0.174058 0.074332 0.093913
5 0.782030 0.321283 0.077994 0.097789
5 0.798688 0.423881 0.080660 0.104702
5 0.141220 0.436152 0.078266 0.097306
5 0.205002 0.689825 0.092135 0.119319
5 0.440162 0.599439 0.069831 0.077724
5 0.297859 0.568203 0.076806 0.086987
5 0.906727 0.095030 0.065348 0.059077
5 0.290983 0.082215 0.077969 0.100448
6 0.850164 0.107231 0.080660 0.101290
5 0.719923 0.642988 0.081067 0.101779
5 0.321537 0.023197 0.080340 0.046394
5 0.604877 0.390244 0.074914 0.092098
6 0.245879 0.068803 0.077872 0.094836
5 0.020324 0.655154 0.040648 0.113894
5 0.470654 0.037810 0.083324 0.075620
5 0.985204 0.381080 0.029592 0.109861
5 0.300338 0.700451 0.086362 0.106402
5 0.637712 0.296894 0.080995 0.102064
5 0.586453 0.139579 0.079712 0.101352
5 0.223737 0.786987 0.087576 0.104697
6 0.519393 0.043154 0.080595 0.086309
5 0.296538 0.228988 0.083531 0.102147
6 0.659434 0.066650 0.083656 0.104873
6 0.373753 0.027864 0.079757 0.055728
6 0.274463 0.018840 0.079928 0.037681
6 0.566020 0.047529 0.078785 0.095058
5 0.520603 0.510092 0.078797 0.093763
5 0.060691 0.516347 0.081719 0.102271
9 0.150577 0.199195 0.124106 0.101261