0 0.277004 0.414068 0.100116 0.136325
0 0.111069 0.379699 0.100701 0.136392
0 0.335383 0.425280 0.097650 0.135516
0 0.853049 0.528745 0.101208 0.137303
0 0.616732 0.482650 0.098877 0.137322
0 0.912449 0.540646 0.104058 0.138488
0 0.574496 0.812191 0.102470 0.137099
0 0.188838 0.055389 0.092180 0.110778
0 0.252300 0.065085 0.113390 0.130170
0 0.329468 0.076859 0.106663 0.143696
0 0.387581 0.089821 0.105655 0.135343
0 0.446369 0.102491 0.100333 0.134273
0 0.511477 0.113436 0.094156 0.130808
0 0.575587 0.127176 0.087693 0.126546
0 0.635801 0.135854 0.101265 0.139647
0 0.706972 0.150584 0.105237 0.139704
0 0.773106 0.163447 0.100694 0.138050
0 0.842396 0.178654 0.092959 0.135755
0 0.903959 0.186748 0.102120 0.142041
0 0.968388 0.203989 0.063225 0.133574
0 0.129648 0.214668 0.098983 0.133260
0 0.188969 0.227444 0.107652 0.140930
0 0.252365 0.243180 0.093947 0.132990
0 0.315421 0.250290 0.101530 0.129327
0 0.379740 0.266638 0.099059 0.136240
0 0.446159 0.278702 0.098927 0.141400
0 0.511124 0.290046 0.092883 0.132776
0 0.575015 0.307592 0.108716 0.141144
0 0.639914 0.315928 0.100979 0.138848
0 0.708178 0.329219 0.101265 0.139647
0 0.760474 0.339301 0.102120 0.142041
0 0.823663 0.352427 0.094232 0.133787
0 0.891640 0.366516 0.099497 0.142996
0 0.951176 0.378124 0.097648 0.140659
0 0.985132 0.392263 0.029736 0.132405
0 0.391324 0.435381 0.093377 0.131393
0 0.444895 0.448285 0.104876 0.135926
0 0.509289 0.461226 0.089480 0.134315
0 0.062620 0.539587 0.089766 0.135113
0 0.140177 0.555602 0.105370 0.134544
0 0.216993 0.568900 0.096493 0.129055
0 0.294370 0.587016 0.084785 0.126702
0 0.377068 0.606202 0.092389 0.134158
0 0.451147 0.622373 0.082865 0.124094
0 0.532687 0.633625 0.094649 0.129425
0 0.616202 0.652120 0.086705 0.129311
0 0.685701 0.669937 0.090031 0.124792
0 0.775585 0.678588 0.106149 0.133960
0 0.845121 0.694701 0.088834 0.129739
0 0.017172 0.693827 0.034344 0.119632
0 0.053799 0.699847 0.107599 0.138165
0 0.106811 0.714455 0.111547 0.138009
0 0.159782 0.724245 0.102956 0.133318
0 0.217419 0.746522 0.087958 0.116225
0 0.290948 0.751459 0.088396 0.122982
0 0.339806 0.759994 0.103659 0.129755
0 0.398660 0.775672 0.112952 0.130881
0 0.456421 0.786424 0.092806 0.129796
0 0.638107 0.825503 0.105961 0.147259
0 0.694662 0.836441 0.102406 0.142840
0 0.759485 0.848184 0.098356 0.139803