5 0.733879 0.296599 0.085703 0.150267
5 0.541304 0.834696 0.088669 0.173728
5 0.284391 0.727227 0.093200 0.177059
5 0.476434 0.810223 0.089032 0.175231
5 0.367810 0.647605 0.077470 0.107288
5 0.834190 0.503249 0.083323 0.137331
5 0.348511 0.755342 0.090736 0.177420
5 0.163686 0.183035 0.105845 0.197383
5 0.667559 0.882360 0.092400 0.177414
5 0.042949 0.616812 0.085898 0.177143
5 0.770982 0.476524 0.084511 0.136144
5 0.571419 0.382622 0.087380 0.150174
5 0.125353 0.483823 0.094663 0.191312
5 0.225589 0.687923 0.085802 0.180438
5 0.099935 0.644299 0.090752 0.186168
5 0.696675 0.741360 0.095730 0.187249
5 0.413595 0.784106 0.092055 0.174620
5 0.230484 0.238723 0.087446 0.144948
5 0.761159 0.766038 0.089440 0.185617
5 0.162739 0.678211 0.093633 0.179184
5 0.436814 0.326415 0.086389 0.145785
5 0.301441 0.246327 0.090712 0.183372
5 0.011918 0.586367 0.023836 0.168367
5 0.604611 0.856470 0.086411 0.172475
5 0.892403 0.533812 0.077984 0.132802
5 0.671921 0.242499 0.095881 0.196160
5 0.507831 0.665723 0.089592 0.185533
5 0.643710 0.396927 0.097321 0.186497
5 0.506680 0.356591 0.084676 0.141784
5 0.819166 0.789268 0.087138 0.174698
5 0.373173 0.274683 0.094949 0.186962
5 0.635179 0.713945 0.090168 0.180904
5 0.876631 0.812884 0.086694 0.172847
5 0.728763 0.907806 0.091672 0.176799
5 0.402418 0.121934 0.096997 0.197090
5 0.441784 0.633548 0.096134 0.193740
5 0.562325 0.729268 0.074283 0.099851
5 0.063129 0.470493 0.091926 0.171494
5 0.045795 0.582251 0.077202 0.100438
5 0.315455 0.548357 0.081825 0.127663
5 0.191886 0.063820 0.106964 0.127639
5 0.121368 0.045439 0.087628 0.090878
5 0.785626 0.404389 0.072153 0.080115
5 0.536618 0.176838 0.095020 0.195639
5 0.257084 0.088961 0.085702 0.153119
5 0.188886 0.515433 0.094913 0.206306
5 0.329491 0.093674 0.089463 0.187349
5 0.092410 0.156071 0.094699 0.191545
5 0.301012 0.633727 0.071604 0.076249
5 0.709090 0.448685 0.078683 0.137005
5 0.249405 0.540734 0.092713 0.197484
5 0.712554 0.427299 0.090039 0.179680
5 0.570873 0.689977 0.094697 0.196483
5 0.311345 0.573080 0.091358 0.175441
5 0.018161 0.436925 0.036322 0.136476
5 0.469140 0.152791 0.095346 0.197287
5 0.953010 0.571710 0.083566 0.108174
5 0.785651 0.925222 0.083022 0.149556
5 0.929745 0.836331 0.078927 0.172153
5 0.303452 0.623570 0.076177 0.097904
5 0.866141 0.336444 0.091842 0.182384
5 0.078280 0.357748 0.076828 0.105782
5 0.903417 0.936299 0.086958 0.127402
5 0.509841 0.333478 0.095722 0.188501
5 0.897920 0.979606 0.067566 0.040788
5 0.841321 0.952077 0.078530 0.095845
5 0.805116 0.304717 0.090382 0.187160
5 0.844915 0.930792 0.088138 0.138417
5 0.926323 0.365461 0.088905 0.182948
5 0.603148 0.215637 0.095847 0.186587
5 0.848388 0.431141 0.071460 0.073850
5 0.295734 0.265009 0.077945 0.142199
5 0.085791 0.024634 0.043179 0.049269
5 0.972751 0.390465 0.054498 0.181137
5 0.466265 0.174689 0.085372 0.146700
5 0.781517 0.945588 0.072988 0.108823
5 0.520752 0.279772 0.076950 0.081335
5 0.988940 0.589874 0.022119 0.071239
5 0.923533 0.873120 0.064173 0.093051
5 0.121044 0.511557 0.080283 0.128655
5 0.173058 0.135895 0.089352 0.102274
5 0.921490 0.391648 0.079071 0.133279
5 0.965932 0.487660 0.068137 0.076504
5 0.220975 0.714894 0.077145 0.133868
5 0.854076 0.920199 0.071593 0.106161
5 0.749000 0.222662 0.065385 0.076557
5 0.411040 0.797369 0.077220 0.119863