5 0.309186 0.212731 0.065650 0.129182
5 0.402353 0.807256 0.064284 0.154019
5 0.669055 0.803190 0.068674 0.155703
5 0.469235 0.808801 0.064389 0.155533
5 0.602217 0.693895 0.065030 0.084936
5 0.176637 0.373396 0.065573 0.115820
5 0.602269 0.805454 0.065854 0.157210
5 0.879545 0.324402 0.078728 0.172703
5 0.272176 0.804280 0.067711 0.156458
5 0.924915 0.791716 0.068810 0.155736
5 0.242302 0.372121 0.067134 0.113964
5 0.451268 0.358895 0.067539 0.128326
5 0.864672 0.629823 0.067466 0.170945
5 0.732635 0.788054 0.059749 0.162789
5 0.861535 0.794699 0.064129 0.166960
5 0.268381 0.656781 0.069466 0.165934
5 0.534440 0.807970 0.067883 0.153496
5 0.805415 0.352260 0.068654 0.122468
5 0.201836 0.655584 0.062775 0.166934
5 0.795019 0.803073 0.068734 0.157879
5 0.590984 0.356860 0.067308 0.123875
5 0.735564 0.332057 0.064641 0.163860
5 0.978326 0.781664 0.043332 0.156890
5 0.337446 0.803711 0.062015 0.153634
5 0.115134 0.380318 0.060521 0.113162
5 0.378368 0.184529 0.067859 0.175806
5 0.463841 0.657036 0.062962 0.166772
5 0.378972 0.344647 0.071390 0.164383
5 0.518292 0.358884 0.066195 0.120180
5 0.141797 0.655502 0.062383 0.155787
5 0.661383 0.331598 0.068652 0.165964
5 0.332512 0.654175 0.064526 0.161351
5 0.082215 0.656004 0.062257 0.153922
5 0.208667 0.805098 0.067022 0.156098
5 0.659491 0.172701 0.068918 0.176343
5 0.533189 0.651599 0.068623 0.172993
5 0.400239 0.697259 0.062958 0.078069
5 0.927076 0.641104 0.068362 0.150067
5 0.924536 0.755784 0.066097 0.077415
5 0.669913 0.618355 0.065829 0.105708
5 0.879506 0.161190 0.078562 0.180117
5 0.952776 0.159706 0.059739 0.173431
5 0.240604 0.296759 0.064514 0.057011
5 0.520390 0.173633 0.067002 0.175611
5 0.805562 0.197274 0.065081 0.132363
5 0.797850 0.635690 0.064757 0.187556
5 0.735097 0.172106 0.061792 0.172574
5 0.953045 0.326028 0.067460 0.171188
5 0.669134 0.706423 0.064672 0.052946
5 0.306889 0.369259 0.060463 0.117536
5 0.735028 0.636634 0.064062 0.178702
5 0.307233 0.347257 0.064626 0.160044
5 0.398762 0.655989 0.066474 0.176697
5 0.669617 0.643831 0.066942 0.154724
5 0.984210 0.629315 0.031579 0.128598
5 0.589718 0.176603 0.067038 0.177302
5 0.050053 0.393395 0.071653 0.083191
5 0.149755 0.805191 0.060592 0.141959
5 0.026866 0.658032 0.053732 0.156630
5 0.668529 0.695665 0.065458 0.075049
5 0.174556 0.199871 0.066098 0.162251
5 0.931895 0.526319 0.064614 0.083544
5 0.030160 0.792172 0.060319 0.166297
5 0.519227 0.335332 0.069207 0.167335
5 0.028149 0.835290 0.056297 0.076426
5 0.089545 0.819613 0.062119 0.107379
5 0.238976 0.192916 0.063518 0.168233
5 0.089707 0.797880 0.064261 0.151068
5 0.111418 0.204535 0.062710 0.164197
5 0.449432 0.185281 0.069728 0.165144
5 0.175364 0.298233 0.064989 0.050334
5 0.737853 0.352318 0.058605 0.123661
5 0.990664 0.153795 0.018606 0.146088
5 0.042912 0.202886 0.069371 0.159645
5 0.588717 0.198871 0.065992 0.125351
5 0.150430 0.825372 0.057968 0.098494
5 0.517955 0.279220 0.069622 0.056221
5 0.008976 0.395690 0.017952 0.066537
5 0.026518 0.695979 0.053036 0.075017
5 0.864049 0.658285 0.063911 0.107506
5 0.878627 0.275230 0.079282 0.074017
5 0.111568 0.231706 0.061638 0.113207
5 0.047628 0.305406 0.071021 0.050658
5 0.732438 0.815897 0.059372 0.114727
5 0.085485 0.768419 0.058700 0.086313
5 0.307338 0.135443 0.057674 0.056077
5 0.534619 0.821773 0.062246 0.099073