0 0.253973 0.766913 0.039093 0.034281
0 0.030064 0.097934 0.051457 0.131405
0 0.098323 0.095041 0.074560 0.133884
0 0.150830 0.094628 0.049356 0.119835
0 0.213838 0.094628 0.049356 0.128099
0 0.290498 0.085537 0.074560 0.139669
0 0.366633 0.089669 0.058808 0.134711
0 0.427016 0.088843 0.066159 0.133058
0 0.495799 0.084711 0.063008 0.141322
0 0.567734 0.082645 0.064058 0.128926
0 0.621291 0.085950 0.068259 0.127273
0 0.698476 0.084298 0.077710 0.132231
0 0.765159 0.082231 0.066159 0.133058
0 0.819766 0.082231 0.072459 0.134711
0 0.899577 0.076033 0.078760 0.133884
0 0.083096 0.374793 0.058808 0.103306
0 0.138228 0.375620 0.064058 0.096694
0 0.198611 0.379339 0.065108 0.104132
0 0.256369 0.380992 0.065108 0.100826
0 0.319377 0.374380 0.086111 0.117355
0 0.376084 0.380165 0.054607 0.104132
0 0.438042 0.380579 0.073509 0.095041
0 0.506301 0.371488 0.077710 0.118182
0 0.567209 0.369008 0.075610 0.123140
0 0.621816 0.373140 0.048306 0.124793
0 0.686924 0.359504 0.067209 0.123967
0 0.746257 0.358678 0.049356 0.133884
0 0.808740 0.354959 0.058808 0.131405
0 0.880149 0.364876 0.067209 0.134711
0 0.053692 0.614050 0.058808 0.104132
0 0.111450 0.616116 0.063008 0.103306
0 0.158706 0.609091 0.056707 0.095868
0 0.229065 0.610331 0.063008 0.086777
0 0.279997 0.623554 0.053557 0.104959
0 0.319377 0.630579 0.071409 0.089256
0 0.382385 0.626860 0.063008 0.081818
0 0.443293 0.622727 0.071409 0.088430
0 0.504726 0.615702 0.066159 0.104132
0 0.567209 0.616942 0.067209 0.106612
0 0.626016 0.608264 0.052507 0.104132
0 0.688499 0.609091 0.038855 0.100826
0 0.747307 0.620248 0.061958 0.121488
0 0.801389 0.617769 0.063008 0.109917
0 0.874898 0.614876 0.060908 0.115702