0 0.746027 0.766913 0.039093 0.034281
0 0.969936 0.097934 0.051457 0.131405
0 0.901677 0.095041 0.074560 0.133884
0 0.849170 0.094628 0.049356 0.119835
0 0.786162 0.094628 0.049356 0.128099
0 0.709502 0.085537 0.074560 0.139669
0 0.633367 0.089669 0.058808 0.134711
0 0.572984 0.088843 0.066159 0.133058
0 0.504201 0.084711 0.063008 0.141322
0 0.432266 0.082645 0.064058 0.128926
0 0.378709 0.085950 0.068259 0.127273
0 0.301524 0.084298 0.077710 0.132231
0 0.234841 0.082231 0.066159 0.133058
0 0.180234 0.082231 0.072459 0.134711
0 0.100423 0.076033 0.078760 0.133884
0 0.916904 0.374793 0.058808 0.103306
0 0.861772 0.375620 0.064058 0.096694
0 0.801389 0.379339 0.065108 0.104132
0 0.743631 0.380992 0.065108 0.100826
0 0.680623 0.374380 0.086111 0.117355
0 0.623916 0.380165 0.054607 0.104132
0 0.561958 0.380579 0.073509 0.095041
0 0.493699 0.371488 0.077710 0.118182
0 0.432791 0.369008 0.075610 0.123140
0 0.378184 0.373140 0.048306 0.124793
0 0.313076 0.359504 0.067209 0.123967
0 0.253743 0.358678 0.049356 0.133884
0 0.191260 0.354959 0.058808 0.131405
0 0.119851 0.364876 0.067209 0.134711
0 0.946308 0.614050 0.058808 0.104132
0 0.888550 0.616116 0.063008 0.103306
0 0.841294 0.609091 0.056707 0.095868
0 0.770935 0.610331 0.063008 0.086777
0 0.720003 0.623554 0.053557 0.104959
0 0.680623 0.630579 0.071409 0.089256
0 0.617615 0.626860 0.063008 0.081818
0 0.556707 0.622727 0.071409 0.088430
0 0.495274 0.615702 0.066159 0.104132
0 0.432791 0.616942 0.067209 0.106612
0 0.373984 0.608264 0.052507 0.104132
0 0.311501 0.609091 0.038855 0.100826
0 0.252693 0.620248 0.061958 0.121488
0 0.198611 0.617769 0.063008 0.109917
0 0.125102 0.614876 0.060908 0.115702