5 0.934262 0.355883 0.031551 0.086008
5 0.940670 0.122605 0.030807 0.099246
5 0.942491 0.043601 0.029346 0.063699
5 0.969804 0.355484 0.035254 0.087679
5 0.888944 0.041468 0.025636 0.050703
5 0.012803 0.329666 0.025606 0.142271
5 0.913604 0.046729 0.026103 0.059097
5 0.932721 0.577146 0.028263 0.078762
5 0.276563 0.325157 0.025758 0.143170
5 0.985159 0.573071 0.028066 0.085988
5 0.301677 0.289190 0.024279 0.071074
5 0.704634 0.087526 0.034918 0.168545
5 0.850915 0.280894 0.025135 0.054499
5 0.900071 0.280880 0.027598 0.055516
5 0.326686 0.094799 0.028307 0.153467
5 0.352724 0.095198 0.026228 0.154423
5 0.934112 0.504753 0.028242 0.055520
5 0.875767 0.354584 0.027534 0.068825
5 0.326817 0.291918 0.023264 0.077395
5 0.913009 0.121970 0.024086 0.097664
5 0.825971 0.354181 0.024892 0.084144
5 0.861737 0.576162 0.025185 0.078638
5 0.299615 0.092526 0.027243 0.149458
5 0.861232 0.038636 0.026312 0.043017
5 0.562357 0.526649 0.030517 0.157381
5 0.986968 0.504067 0.025734 0.054233
5 0.861603 0.507749 0.026927 0.052288
5 0.377494 0.330370 0.026796 0.152222
5 0.958311 0.279478 0.018652 0.047833
5 0.351913 0.297428 0.023009 0.088576
5 0.875555 0.281788 0.025415 0.056578
5 0.624248 0.306677 0.029860 0.168483
5 0.404238 0.299657 0.024193 0.090732
5 0.900566 0.354424 0.026744 0.084772
5 0.826574 0.278839 0.022462 0.051273
5 0.785644 0.575814 0.024288 0.084779
5 0.761220 0.506756 0.026693 0.058594
5 0.860904 0.046666 0.027964 0.060612
5 0.733758 0.086956 0.033329 0.168286
5 0.993891 0.121696 0.012218 0.159345
5 0.120548 0.332147 0.038070 0.142206
5 0.610483 0.056769 0.030888 0.112717