5 0.847040 0.105556 0.028552 0.114699
5 0.758647 0.110393 0.030663 0.128869
5 0.874653 0.106322 0.030529 0.123792
5 0.934938 0.110438 0.029028 0.130583
5 0.786760 0.107394 0.030194 0.127437
5 0.905904 0.109875 0.030394 0.129989
5 0.817415 0.104415 0.029642 0.117329
5 0.727088 0.111124 0.032529 0.128187
5 0.787119 0.091384 0.028202 0.093851
5 0.817609 0.087845 0.028184 0.080616
5 0.745443 0.285696 0.030600 0.132014
5 0.691539 0.110718 0.019996 0.123884
5 0.990685 0.137262 0.018629 0.076847
5 0.836382 0.592227 0.024288 0.121883
5 0.987797 0.767497 0.024406 0.139480
5 0.714388 0.284478 0.031342 0.133186
5 0.929204 0.284181 0.027950 0.132549
5 0.719578 0.794682 0.031639 0.105060
5 0.987526 0.598831 0.023668 0.148415
5 0.865708 0.625198 0.031968 0.120597
5 0.807922 0.630372 0.030039 0.114776
5 0.898375 0.283505 0.030722 0.130209
5 0.964454 0.141884 0.027366 0.071950
5 0.897902 0.655142 0.024751 0.053917
5 0.987175 0.279119 0.025232 0.128057
5 0.990565 0.120405 0.018870 0.112827
5 0.863805 0.773961 0.022041 0.114679
5 0.810960 0.787472 0.025240 0.111097
5 0.686711 0.785470 0.027659 0.121358
5 0.786188 0.214181 0.022430 0.044349
5 0.872298 0.210167 0.023384 0.032952
5 0.963299 0.214703 0.022156 0.044616
5 0.750045 0.793322 0.029137 0.107329
6 0.602683 0.463719 0.032732 0.129705
5 0.780200 0.787874 0.025042 0.110769
5 0.534264 0.473313 0.030716 0.108373
5 0.608856 0.110898 0.029101 0.134497
5 0.958791 0.291237 0.030245 0.108020
5 0.835417 0.285611 0.033543 0.135051
5 0.925611 0.616134 0.030678 0.125490
5 0.868322 0.293709 0.031226 0.120165
5 0.898640 0.965899 0.031270 0.067904
5 0.538917 0.385775 0.018556 0.040462
5 0.990654 0.445291 0.018692 0.149968
5 0.510326 0.068659 0.021864 0.050965
5 0.963431 0.764940 0.034590 0.133403
7 0.234252 0.947877 0.026145 0.103890
7 0.384285 0.798607 0.022778 0.106736
5 0.453937 0.059483 0.030605 0.102858