5 0.698524 0.068436 0.050522 0.096261
5 0.044638 0.898324 0.068927 0.110155
5 0.326613 0.858608 0.063800 0.058830
5 0.751893 0.069166 0.058250 0.094076
5 0.252217 0.919179 0.075470 0.066480
5 0.647249 0.631954 0.074359 0.114795
5 0.651471 0.068026 0.044408 0.096068
5 0.715193 0.499774 0.056487 0.098723
5 0.656272 0.500709 0.063093 0.092656
5 0.184124 0.919290 0.065450 0.067375
5 0.711101 0.634659 0.054697 0.119274
5 0.529843 0.919247 0.091841 0.082597
5 0.466069 0.089510 0.061771 0.055795
5 0.588733 0.499253 0.083501 0.092242
5 0.331540 0.638188 0.071440 0.114875
5 0.774973 0.355110 0.055640 0.096022
5 0.716890 0.354516 0.057892 0.093151
5 0.770192 0.633731 0.071190 0.119719
5 0.416024 0.916834 0.084401 0.062010
5 0.819420 0.499749 0.053887 0.100555
5 0.115689 0.893968 0.069488 0.119538
5 0.177965 0.033558 0.072246 0.061471
5 0.326126 0.918152 0.075775 0.068565
5 0.602901 0.068664 0.058089 0.096283
5 0.262051 0.859141 0.063001 0.060626
5 0.465682 0.034907 0.061915 0.058527
5 0.814364 0.071604 0.056252 0.089451
5 0.256592 0.031914 0.073862 0.062142
5 0.849694 0.800283 0.050462 0.048184
5 0.253751 0.611253 0.072163 0.059138
5 0.408417 0.181058 0.037331 0.055783
5 0.536621 0.089520 0.067134 0.055612
5 0.457472 0.034458 0.043160 0.056465
5 0.534268 0.036054 0.063754 0.057779
5 0.659353 0.350527 0.054605 0.104125
5 0.401040 0.035783 0.064150 0.057313
5 0.827740 0.353240 0.055390 0.094189
5 0.566814 0.634415 0.088710 0.117011
5 0.723049 0.208932 0.051889 0.102907
5 0.042308 0.924360 0.072198 0.057066
5 0.104980 0.668269 0.072786 0.060501
5 0.920891 0.066534 0.054057 0.095843
5 0.467652 0.325122 0.062847 0.058865
5 0.535609 0.324043 0.062968 0.056856
5 0.761838 0.499446 0.044149 0.099310
5 0.330305 0.665745 0.067745 0.059288
9 0.790338 0.830373 0.418812 0.279016
5 0.046530 0.870791 0.064031 0.055026
5 0.746161 0.908668 0.087814 0.073947
5 0.757383 0.595551 0.044057 0.045426
5 0.874221 0.496406 0.065732 0.107269
5 0.053208 0.043802 0.044813 0.055146
5 0.806785 0.799295 0.040761 0.047375
5 0.117052 0.046711 0.061406 0.072321
5 0.867128 0.070270 0.055050 0.090279
5 0.254609 0.666181 0.068314 0.060779
5 0.006183 0.895234 0.012247 0.098959
5 0.711795 0.654260 0.051263 0.078021
5 0.776491 0.212646 0.055789 0.096307
5 0.741526 0.798767 0.060105 0.046663
5 0.880245 0.356675 0.054497 0.090671
5 0.975092 0.801540 0.032309 0.048516
5 0.178261 0.611440 0.069387 0.057319
5 0.828215 0.604119 0.042387 0.043523
5 0.033931 0.639265 0.066354 0.114163
5 0.327435 0.323880 0.064616 0.052761
5 0.973908 0.065961 0.051824 0.097737
5 0.638702 0.915422 0.113349 0.081552
5 0.332461 0.032841 0.067651 0.061015
5 0.510284 0.626302 0.041727 0.028653
5 0.413772 0.035123 0.035673 0.056549
5 0.933544 0.357174 0.053115 0.090160
5 0.773222 0.498532 0.046451 0.100473