5 0.336054 0.386585 0.068962 0.275581
5 0.267498 0.367566 0.074840 0.288139
5 0.047181 0.874767 0.094279 0.250465
5 0.578591 0.080456 0.044106 0.142841
5 0.402515 0.411242 0.070085 0.260150
5 0.634155 0.472464 0.057662 0.186936
5 0.677852 0.138355 0.054807 0.150590
5 0.098413 0.316204 0.109430 0.312838
5 0.522857 0.442674 0.060372 0.226621
5 0.347314 0.874695 0.076255 0.250610
5 0.467982 0.875685 0.055528 0.240129
5 0.463980 0.427253 0.059739 0.241676
5 0.137015 0.875333 0.094065 0.249334
5 0.799864 0.034474 0.065616 0.067928
5 0.189100 0.343249 0.090276 0.304417
5 0.681792 0.837197 0.048375 0.220473
5 0.518846 0.873055 0.063498 0.244314