5 0.681398 0.063383 0.079152 0.126767
5 0.702542 0.238553 0.053174 0.071796
5 0.899690 0.019711 0.049026 0.039421
5 0.859611 0.033044 0.086911 0.066088
5 0.752957 0.050839 0.084688 0.101678
5 0.798655 0.040615 0.053277 0.081230
5 0.807305 0.035002 0.079566 0.070003
5 0.856255 0.235128 0.067523 0.128728
5 0.826092 0.034606 0.046153 0.069212
5 0.898980 0.201495 0.079392 0.161378
5 0.937230 0.186359 0.061395 0.151701
5 0.818442 0.037118 0.065190 0.074236
5 0.595272 0.033626 0.063568 0.067252
5 0.686002 0.088101 0.066531 0.076101
5 0.644233 0.257742 0.053530 0.071342
5 0.584566 0.290315 0.051130 0.071278
9 0.568107 0.543863 0.124061 0.101097
9 0.827932 0.413282 0.119576 0.117261
9 0.139444 0.649403 0.166358 0.142299