9 0.144077 0.208264 0.081543 0.046281
9 0.166391 0.479752 0.041322 0.088430
2 0.768557 0.854988 0.060416 0.054973
2 0.421790 0.850032 0.053904 0.054273
2 0.421339 0.745544 0.056990 0.059207
2 0.420756 0.799596 0.054868 0.048843
2 0.080803 0.316249 0.059710 0.053592
2 0.284602 0.818163 0.051733 0.097483
2 0.838812 0.779071 0.069544 0.054318
2 0.698187 0.855083 0.056342 0.052716
2 0.762226 0.957498 0.065401 0.085004
2 0.218969 0.367477 0.058324 0.053475
2 0.221523 0.712517 0.069424 0.040134
2 0.082473 0.369541 0.061008 0.059487
2 0.840360 0.844190 0.068475 0.081842
2 0.287620 0.791682 0.058278 0.049748
2 0.218457 0.453719 0.050689 0.046281
2 0.216804 0.213636 0.051791 0.043802
2 0.150413 0.027686 0.056749 0.040496
2 0.146006 0.075207 0.054545 0.034711
2 0.145179 0.122314 0.059504 0.049587
2 0.216804 0.025620 0.060606 0.041322
2 0.214876 0.072727 0.065565 0.054545
2 0.217906 0.123554 0.078237 0.047107
2 0.285399 0.026860 0.064463 0.050413
2 0.288430 0.077273 0.071625 0.055372
2 0.290909 0.126446 0.071074 0.066116
2 0.355372 0.025620 0.057851 0.047934
2 0.359504 0.071488 0.068320 0.055372
2 0.358953 0.127273 0.063912 0.059504
2 0.424793 0.022727 0.062259 0.042149
2 0.425069 0.070661 0.061708 0.040496
2 0.427548 0.128099 0.067769 0.059504
2 0.494766 0.021074 0.065565 0.035537
2 0.493388 0.069835 0.066116 0.045455
2 0.492837 0.126860 0.067218 0.058678
2 0.567493 0.023554 0.067769 0.040496
2 0.568044 0.072314 0.073278 0.053719
2 0.562810 0.126033 0.061708 0.053719
2 0.633609 0.020661 0.058953 0.038017
2 0.636088 0.066529 0.066116 0.048760
2 0.635813 0.126446 0.072176 0.062810
2 0.703581 0.021074 0.078788 0.042148
2 0.703857 0.071074 0.078237 0.051240
2 0.704132 0.128099 0.058953 0.059504
2 0.784298 0.023140 0.065014 0.039669
2 0.777961 0.069835 0.077686 0.060331
2 0.775482 0.128926 0.073829 0.059504
2 0.854270 0.020248 0.069421 0.038843
2 0.854545 0.074793 0.068871 0.047107
2 0.850138 0.135537 0.068871 0.054545
2 0.922865 0.021488 0.075482 0.033058
2 0.928926 0.064463 0.066667 0.059504
2 0.924518 0.129339 0.065565 0.060331
2 0.073554 0.213636 0.057300 0.047107
2 0.082920 0.266942 0.070523 0.046281
2 0.147383 0.261157 0.071625 0.051240
2 0.149036 0.311570 0.070523 0.042975
2 0.147383 0.369421 0.065014 0.052893
2 0.218182 0.264463 0.066667 0.047934
2 0.222314 0.316529 0.067218 0.046281
2 0.285675 0.209917 0.063912 0.052893
2 0.284022 0.263636 0.072727 0.052893
2 0.288430 0.316116 0.063912 0.052066
2 0.290083 0.371074 0.065014 0.052893
2 0.355647 0.206198 0.077135 0.050413
2 0.362259 0.260744 0.069421 0.048760
2 0.353994 0.314050 0.059504 0.049587
2 0.356749 0.373554 0.063912 0.054545
2 0.426171 0.209091 0.058402 0.051240
2 0.428099 0.259504 0.064463 0.054545
2 0.426171 0.314050 0.060606 0.044628
2 0.425620 0.367769 0.063912 0.057851
2 0.493388 0.207438 0.059504 0.049587
2 0.493664 0.264463 0.060055 0.054545
2 0.496970 0.317355 0.071074 0.054545
2 0.499725 0.370661 0.058953 0.061983
2 0.563361 0.207438 0.058402 0.049587
2 0.562259 0.257438 0.063912 0.050413
2 0.563085 0.311983 0.058953 0.055372
2 0.560331 0.368182 0.055647 0.057025
2 0.634986 0.209917 0.056198 0.047934
2 0.638292 0.263223 0.052893 0.061983
2 0.632507 0.320661 0.063361 0.052893
2 0.630854 0.375620 0.055647 0.058678
2 0.706612 0.209917 0.055096 0.051240
2 0.706612 0.260331 0.059504 0.047934
2 0.702204 0.319835 0.062810 0.054545
2 0.696694 0.373967 0.058402 0.058678
2 0.782369 0.211157 0.066667 0.058678
2 0.776309 0.264050 0.061157 0.050413
2 0.774931 0.319008 0.058402 0.057851
2 0.773829 0.374793 0.061708 0.058678
2 0.852617 0.216942 0.056198 0.060331
2 0.847934 0.268595 0.061157 0.052893
2 0.843526 0.323967 0.063361 0.051240
2 0.842700 0.375207 0.066116 0.064463
2 0.920110 0.265702 0.071074 0.060331
2 0.916253 0.319835 0.068871 0.046281
2 0.914601 0.376860 0.066667 0.057851
2 0.088705 0.504959 0.071074 0.059504
2 0.087603 0.557438 0.072176 0.048760
2 0.086777 0.602893 0.067218 0.047107
2 0.155923 0.545455 0.065565 0.042975
2 0.158678 0.601240 0.072176 0.047107
2 0.215152 0.499174 0.063912 0.049587
2 0.219835 0.552066 0.068871 0.051240
2 0.226171 0.602893 0.063912 0.043802
2 0.285675 0.450000 0.066116 0.052066
2 0.284022 0.502893 0.080441 0.057025
2 0.285124 0.553306 0.058402 0.042149
2 0.286501 0.601653 0.065565 0.047934
2 0.353444 0.451240 0.065014 0.051240
2 0.355647 0.503719 0.067218 0.048760
2 0.356198 0.555372 0.060606 0.044628
2 0.355647 0.607851 0.065014 0.048760
2 0.421763 0.451653 0.058402 0.053719
2 0.425620 0.507438 0.069421 0.054545
2 0.422039 0.562810 0.066667 0.051240
2 0.424518 0.607438 0.057300 0.047934
2 0.491460 0.452479 0.063361 0.053719
2 0.488981 0.505372 0.065014 0.047107
2 0.493388 0.554545 0.063912 0.056198
2 0.489256 0.616116 0.060055 0.071901
2 0.564463 0.501240 0.056198 0.052066
2 0.564738 0.558678 0.051240 0.052893
2 0.565565 0.612397 0.053994 0.049587
2 0.631956 0.445455 0.062259 0.028099
2 0.630854 0.471074 0.063361 0.028099
2 0.630579 0.503719 0.066116 0.025620
2 0.628926 0.533058 0.067218 0.029752
2 0.629201 0.564050 0.080992 0.028926
2 0.631680 0.595041 0.069421 0.031405
2 0.630579 0.626446 0.070523 0.033058
2 0.699725 0.457851 0.056749 0.054545
2 0.704959 0.511570 0.061708 0.054545
2 0.701377 0.559917 0.057851 0.052066
2 0.698347 0.611157 0.059504 0.050413
2 0.770248 0.460744 0.057851 0.060331
2 0.771074 0.510744 0.056198 0.052893
2 0.771074 0.562810 0.052893 0.056198
2 0.764463 0.612810 0.069421 0.053719
2 0.840771 0.457025 0.056749 0.061157
2 0.839394 0.517355 0.058402 0.061157
2 0.839118 0.565289 0.064463 0.049587
2 0.837741 0.616116 0.068320 0.057025
2 0.914325 0.454959 0.063912 0.048760
2 0.914325 0.511157 0.074931 0.060331
2 0.912672 0.562810 0.074931 0.056198
2 0.911846 0.617769 0.073278 0.055372
2 0.083747 0.683884 0.074380 0.043802
2 0.088705 0.738430 0.066667 0.038843
2 0.088705 0.794628 0.067769 0.052066
2 0.089532 0.841322 0.072727 0.051240
2 0.157025 0.740083 0.068871 0.033884
2 0.155923 0.787190 0.073278 0.043802
2 0.158678 0.831818 0.062259 0.040496
2 0.221212 0.744215 0.061708 0.027273
2 0.222314 0.776033 0.063912 0.026446
2 0.293113 0.741736 0.064463 0.048760
2 0.357576 0.778512 0.060055 0.054545
2 0.486501 0.693802 0.060055 0.058678
2 0.491736 0.752066 0.071625 0.056198
2 0.487052 0.798760 0.064463 0.045455
2 0.493113 0.849587 0.065565 0.051240
2 0.558953 0.694628 0.049587 0.053719
2 0.562259 0.751653 0.057300 0.055372
2 0.563361 0.799587 0.057300 0.048760
2 0.561157 0.851240 0.058402 0.051240
2 0.631129 0.696694 0.061708 0.054545
2 0.630579 0.752066 0.063912 0.051240
2 0.631405 0.804545 0.060055 0.053719
2 0.632507 0.852479 0.064463 0.048760
2 0.704959 0.697521 0.065014 0.054545
2 0.701102 0.752066 0.055096 0.062810
2 0.703581 0.804959 0.055647 0.049587
2 0.774380 0.702066 0.060606 0.048760
2 0.769421 0.758678 0.055096 0.044628
2 0.767769 0.807438 0.055096 0.034711
2 0.911019 0.708264 0.058402 0.054545
2 0.909917 0.763223 0.069421 0.057025
2 0.911570 0.819008 0.073829 0.051240
2 0.910744 0.868595 0.067769 0.051240
2 0.084848 0.922314 0.056749 0.044628
2 0.152893 0.921488 0.065014 0.042975
2 0.223967 0.953306 0.060606 0.068595
2 0.289807 0.926446 0.051240 0.047934
2 0.352342 0.928099 0.061708 0.052893
2 0.421763 0.925620 0.059504 0.046281
2 0.487052 0.928512 0.056749 0.048760
2 0.555372 0.931818 0.055647 0.055372
2 0.623691 0.934711 0.046832 0.052893
2 0.694766 0.935537 0.049036 0.054545
9 0.158402 0.691736 0.051791 0.059504