5 0.518753 0.067194 0.081571 0.130957
5 0.429176 0.065347 0.087349 0.130693
5 0.608036 0.066885 0.082880 0.132173
5 0.331087 0.066067 0.091429 0.130225
5 0.237080 0.065966 0.086038 0.129952
9 0.191834 0.264876 0.350615 0.111570
9 0.317526 0.375207 0.135615 0.094215
9 0.069725 0.374793 0.108602 0.093388
9 0.620455 0.264876 0.230987 0.104959
9 0.899954 0.644628 0.120730 0.071074
5 0.695705 0.066529 0.074974 0.126446
5 0.791352 0.064463 0.071115 0.123967
5 0.881762 0.071074 0.062295 0.133884
5 0.798794 0.274380 0.090410 0.097521
5 0.937441 0.275207 0.098679 0.114050
5 0.928345 0.376446 0.106948 0.098347
5 0.810647 0.375620 0.103089 0.103306
5 0.686884 0.376446 0.103641 0.109917
5 0.568910 0.381818 0.102538 0.104132
5 0.436878 0.274380 0.103089 0.100826
5 0.441013 0.382645 0.099231 0.090909
5 0.179430 0.373140 0.099782 0.090083
5 0.066418 0.480165 0.103089 0.102479
5 0.184943 0.470661 0.108602 0.095041
5 0.321109 0.469421 0.098679 0.085950
5 0.449558 0.476446 0.114115 0.085124
5 0.567808 0.474793 0.099231 0.081818
5 0.686333 0.468595 0.104743 0.084298
5 0.805134 0.470248 0.106397 0.089256
5 0.927518 0.463636 0.110807 0.080992
5 0.153520 0.650826 0.090961 0.091736
5 0.308430 0.647934 0.079936 0.080992
5 0.158482 0.758678 0.108602 0.104132
5 0.171161 0.865289 0.089859 0.085950
5 0.294097 0.855372 0.090961 0.092562
5 0.303193 0.740496 0.091513 0.099174
5 0.430263 0.660744 0.082141 0.101653
5 0.428334 0.772727 0.098128 0.107438
5 0.422545 0.869008 0.088756 0.095041
5 0.538590 0.664050 0.091513 0.121488
5 0.549064 0.764876 0.095923 0.088430
5 0.552096 0.873140 0.098679 0.104959
5 0.659320 0.661157 0.094820 0.109091
5 0.664557 0.759504 0.107500 0.104132
5 0.669243 0.866942 0.094820 0.104132
5 0.781153 0.633884 0.079384 0.077686
5 0.788595 0.765702 0.093166 0.113223
5 0.788595 0.876033 0.087654 0.094215
5 0.927243 0.748760 0.116872 0.125620
5 0.931928 0.871074 0.104192 0.097521