5 0.171074 0.143388 0.042975 0.114876
0 0.232782 0.133058 0.081543 0.150413
0 0.343526 0.127686 0.058402 0.161157
0 0.398623 0.120661 0.062810 0.160331
0 0.463636 0.122727 0.065014 0.157851
0 0.525620 0.123554 0.062259 0.162810
0 0.584848 0.122314 0.060606 0.165289
0 0.699725 0.117769 0.084298 0.162810
0 0.772452 0.126033 0.065565 0.139669
0 0.840496 0.111157 0.063912 0.164463
0 0.058678 0.335950 0.065014 0.142975
0 0.122314 0.341322 0.067769 0.147107
0 0.181267 0.337603 0.066667 0.144628
0 0.236639 0.332231 0.062810 0.152066
0 0.296143 0.323554 0.060606 0.166116
0 0.355096 0.322314 0.056198 0.165289
0 0.415152 0.335124 0.065014 0.131405
0 0.479339 0.334711 0.068871 0.142149
0 0.543526 0.329339 0.063912 0.147934
0 0.602755 0.319421 0.058953 0.156198
0 0.668595 0.323967 0.074931 0.140496
0 0.734986 0.326033 0.067769 0.144628
0 0.796143 0.329339 0.065565 0.138017
0 0.860882 0.328099 0.071625 0.138843
0 0.927273 0.332231 0.064463 0.138843
0 0.914325 0.529339 0.073829 0.157851
0 0.840771 0.526446 0.056749 0.171901
0 0.776584 0.535124 0.063912 0.164463
0 0.717355 0.541322 0.060055 0.168595
0 0.651791 0.541736 0.065565 0.161157
0 0.592562 0.540909 0.068320 0.154545
0 0.528650 0.538017 0.061708 0.158678
0 0.454545 0.540083 0.092011 0.159504
0 0.372452 0.540909 0.067769 0.157851
0 0.308540 0.535537 0.061157 0.157025
0 0.247383 0.545868 0.060055 0.146281
0 0.184298 0.540909 0.061708 0.157851
0 0.069421 0.735537 0.056749 0.133884
0 0.129752 0.734298 0.062810 0.154545
0 0.193388 0.729752 0.063361 0.170248