5 0.076626 0.369341 0.053297 0.099014
5 0.713263 0.368639 0.049695 0.097578
5 0.014206 0.135729 0.028400 0.096338
5 0.715223 0.822747 0.050957 0.095221
5 0.022898 0.844381 0.045776 0.093300
5 0.021215 0.368815 0.042317 0.095362
5 0.025342 0.747867 0.050524 0.112471
5 0.759640 0.263372 0.048173 0.070583
5 0.666498 0.821298 0.046757 0.095696
5 0.664901 0.369528 0.052104 0.098306
5 0.524717 0.610864 0.050011 0.066058
5 0.229345 0.606009 0.045032 0.080011
5 0.569779 0.597475 0.042475 0.095305
5 0.667118 0.596225 0.045771 0.093754
5 0.984584 0.053600 0.030831 0.103537
6 0.257900 0.133695 0.048845 0.097267
5 0.619047 0.597346 0.052295 0.099830
5 0.572384 0.827457 0.046448 0.096214
5 0.755936 0.153058 0.050914 0.064981
5 0.206644 0.134944 0.053399 0.095643
5 0.214789 0.368424 0.052128 0.095206
5 0.558147 0.137833 0.047452 0.093761
5 0.612823 0.278279 0.048111 0.099593
5 0.308738 0.134645 0.054080 0.098102
5 0.181462 0.600644 0.051661 0.092765
5 0.986148 0.140978 0.027704 0.095408
5 0.054565 0.136945 0.048940 0.093231
6 0.206544 0.134579 0.054406 0.096068
5 0.013919 0.048718 0.027837 0.095243
5 0.949366 0.141536 0.049028 0.093040
5 0.988533 0.154933 0.022934 0.062379
5 0.013603 0.115383 0.027192 0.055077
5 0.358556 0.138430 0.046959 0.088830
5 0.655228 0.150947 0.049877 0.066468
5 0.507014 0.109154 0.049561 0.041891
5 0.276843 0.844496 0.045190 0.076792
5 0.055005 0.048893 0.051548 0.093420
5 0.991008 0.371639 0.017984 0.083926
5 0.507559 0.136575 0.052084 0.096559
5 0.106128 0.112821 0.048366 0.050343
5 0.207878 0.049841 0.050655 0.085750
5 0.614180 0.370025 0.050557 0.096390
6 0.358359 0.135226 0.048498 0.096437
5 0.620346 0.822850 0.045702 0.093585
5 0.133673 0.369852 0.056338 0.094297
6 0.406754 0.134684 0.053749 0.097149
5 0.512291 0.277148 0.049548 0.096923
5 0.382824 0.599993 0.043242 0.091251
5 0.014263 0.156713 0.028524 0.052738
5 0.322615 0.506534 0.035313 0.087054
5 0.662468 0.275436 0.048306 0.097930
5 0.280477 0.600906 0.045857 0.091289
6 0.256239 0.046872 0.048854 0.088144
5 0.426506 0.827332 0.048224 0.096646
5 0.524913 0.825224 0.046388 0.097039
5 0.105581 0.136567 0.049901 0.095789
6 0.055282 0.048555 0.051379 0.096011
5 0.712628 0.596162 0.048534 0.095177
5 0.104606 0.048262 0.048799 0.091925
5 0.474872 0.841180 0.049877 0.072019
5 0.180094 0.966404 0.047078 0.067192
5 0.228023 0.507899 0.046780 0.086750
5 0.179762 0.510833 0.046291 0.082679
5 0.712771 0.342022 0.046669 0.044237
5 0.424941 0.512413 0.046299 0.077965
5 0.759586 0.504479 0.048037 0.092562
5 0.606569 0.141749 0.044215 0.088944
5 0.662418 0.260723 0.047472 0.067465
5 0.762840 0.381440 0.050209 0.066034
5 0.524610 0.596735 0.050897 0.095175
5 0.376945 0.506036 0.045781 0.090426
5 0.709767 0.506282 0.048896 0.098064
5 0.414475 0.368615 0.048754 0.095973
5 0.257539 0.133744 0.049182 0.098081
5 0.308911 0.369671 0.039607 0.091807
5 0.256571 0.047140 0.049501 0.088377
5 0.406935 0.134916 0.051035 0.096318
6 0.054174 0.136745 0.049566 0.092656
5 0.426242 0.841318 0.046123 0.069444
5 0.710985 0.259335 0.047426 0.064584
5 0.263422 0.369600 0.050789 0.093303
5 0.766537 0.826689 0.052048 0.100604
6 0.308029 0.135033 0.055439 0.099109
5 0.702612 0.034137 0.049379 0.059900
6 0.607058 0.141045 0.045484 0.088085
5 0.710746 0.272627 0.048024 0.091588
5 0.762242 0.368495 0.048243 0.098700
5 0.131412 0.507972 0.048520 0.090988
5 0.280561 0.740620 0.055217 0.112432
5 0.476516 0.607666 0.046915 0.071038
5 0.328283 0.605117 0.051003 0.079806
5 0.753116 0.029878 0.049346 0.051244
5 0.153931 0.137024 0.046937 0.094559
6 0.702691 0.052642 0.049603 0.094895
5 0.761773 0.595426 0.049862 0.095349
5 0.153981 0.048627 0.050116 0.092532
5 0.563428 0.373626 0.046856 0.085931
6 0.105735 0.132824 0.049065 0.088321
5 0.070847 0.746871 0.044672 0.108934
5 0.308333 0.048554 0.053973 0.090381
5 0.951895 0.286071 0.045259 0.104641
5 0.376315 0.732378 0.053926 0.099318
5 0.899034 0.052498 0.046948 0.095956
5 0.562929 0.277083 0.049668 0.095683
5 0.459129 0.135078 0.048520 0.095177
5 0.332187 0.830835 0.055959 0.097145
6 0.359126 0.049492 0.050991 0.090820
5 0.209947 0.277717 0.052463 0.095207
6 0.504456 0.050468 0.051516 0.098220
6 0.208070 0.048712 0.050460 0.089880
6 0.105354 0.048926 0.049307 0.093601
6 0.407395 0.049485 0.049462 0.089856
5 0.523384 0.505749 0.050524 0.086917
5 0.774297 0.984082 0.049570 0.031836
5 0.081301 0.601066 0.050393 0.095752
9 0.058678 0.277273 0.098072 0.085124