5 0.759237 0.140818 0.059843 0.111120
5 0.745870 0.318083 0.043381 0.058669
5 0.986826 0.132794 0.026348 0.122713
5 0.944964 0.134646 0.064042 0.130395
5 0.834623 0.134268 0.062679 0.125674
5 0.879634 0.145830 0.034709 0.102803
5 0.891403 0.131680 0.061127 0.106818
5 0.895003 0.368371 0.046755 0.116392
5 0.909308 0.139448 0.024770 0.115693
5 0.942734 0.350781 0.052750 0.148029
5 0.982588 0.349497 0.034824 0.144482
5 0.902025 0.136246 0.043529 0.120470
5 0.683405 0.073788 0.051871 0.070082
5 0.758798 0.166991 0.057323 0.058093
5 0.685861 0.316287 0.043879 0.058019
5 0.987174 0.093989 0.024966 0.042680
5 0.089416 0.963900 0.037594 0.066267
5 0.621969 0.326946 0.041216 0.058914
9 0.557359 0.566116 0.115945 0.062810
9 0.833418 0.530579 0.107356 0.082645
9 0.123026 0.518595 0.153980 0.091736